Npart,Niter,posx,posy,Ix,Iy,Itheta,Ox,Oy,Otheta,f,t
10,100,2,2,9,-4,1,9.004491579288134,-3.990724775125631,0.9597374368692185,0.25894210577367666,9.837445200013462
10,100,2,2,9,-4,1,9.003661129469021,-3.9804089549283654,1.004903397756164,0.25895420059707636,9.443275500001619
10,100,2,2,9,-4,1,9.003856488961926,-3.9907460314996177,0.9631329568258983,0.25894613738147654,9.281214199989336
10,100,2,2,9,-4,1,9.002229933799962,-3.9923954818995497,0.9663466525671809,0.25894613738147654,10.296856100001605
10,100,2,2,9,-4,1,9.001758558161368,-3.9990114407434834,0.9724650974648498,0.25894613738147654,11.883123400009936
10,100,2,2,9,-4,1,9.004659308643737,-3.9904934104501075,0.959986882323581,0.25894210577367666,9.629586600000039
10,100,2,2,-13,-21,-7,-12.997502063691174,-20.99983263626068,-7.003420082847044,0.28566188800253745,9.973382900003344
10,100,2,2,-13,-21,-7,-12.99170686672586,-21.004325466507815,-7.017700681784434,0.2856955376424374,10.0007203000132
10,100,2,2,-13,-21,-7,-12.999763328763901,-14.332029464323266,-7.0046212187006445,0.3744397329505419,9.909460499999113
10,100,2,2,-13,-21,-7,-12.994872702912433,-20.998656568339136,-6.981533931321382,0.2860757785733066,9.861962199996924
10,100,2,2,-13,-21,-7,-12.997459488759336,-20.99990008672624,-7.003234329322721,0.28566188800253745,10.130810200003907
10,100,2,2,-13,-21,-7,-12.99222606721631,-21.00350750115072,-7.017750273846,0.2856955376424374,10.432262299989816
10,100,2,2,-21,18,-18,-20.997841203949424,18.002749841070052,-17.99588722413214,0.30931794256458045,8.851311300008092
10,100,2,2,-21,18,-18,-20.997539653357148,18.0260134342778,-18.018992011465002,0.3094386229176339,9.014961700013373
10,100,2,2,-21,18,-18,-20.999283355226357,18.016298653539362,-17.998399327345542,0.30902334052624414,8.902231099986238
10,100,2,2,-21,18,-18,-13.644224331198057,18.033990136698876,-18.07233102017665,0.4458855091552995,9.136043600010453
10,100,2,2,-21,18,-18,-20.997690124997295,18.02266853296027,-18.012119023565962,0.3094386229176339,9.016581200005021
10,100,2,2,-21,18,-18,-20.999783164200856,12.311308303544903,-17.99584204647595,0.35961219488259394,9.095910100004403
10,100,5,2,-19,12,-23,-18.995025665135657,12.146245018264366,-22.98318201454671,0.32718901590460714,6.4674325000087265
10,100,5,2,-19,12,-23,-18.999089645877117,12.15084868426803,-22.990684426191887,0.32718901590460714,5.92224049998913
10,100,5,2,-19,12,-23,-18.997985808613716,3.2737125943952643,-22.973681242379016,0.3294495038986648,5.907096299983095
10,100,5,2,-19,12,-23,-18.999086403992045,12.163167010323152,-23.01232609827013,0.3273164453748604,5.968383699975675
10,100,5,2,-19,12,-23,-18.995092734984105,4.896001898978262,-23.01249421656213,0.32955477172191755,6.065597600012552
10,100,5,2,-19,12,-23,-18.998132021010726,0.5679066016357925,-23.022741988972136,0.3306019095426943,5.992498500010697
10,100,5,2,-10,-2,14,-9.937350648961706,-2.073070417064677,13.938567503469745,0.30732765175051074,6.188379700004589
10,100,5,2,-10,-2,14,-9.970967328974895,-2.156354730407918,13.884773033344743,0.3067838675252189,7.001214599993546
10,100,5,2,-10,-2,14,-9.973417092125741,-2.1496016552126824,13.887128975106846,0.3067838675252189,5.858285199996317
10,100,5,2,-10,-2,14,-9.963180597470036,-2.1482434587761983,13.889472398580626,0.3067838675252189,5.8773253000108525
10,100,5,2,-10,-2,14,-9.974279427215953,-2.1439629040943755,13.886181893038096,0.3067838675252189,5.851138099998934
10,100,5,2,-10,-2,14,-9.974868508211406,-2.1388881825049464,13.88120511673486,0.3067838675252189,5.88368349999655
10,100,5,2,-16,15,3,-15.994337689029726,6.474033231712147,2.9861970025547744,0.3232817647278068,5.7866580999980215
10,100,5,2,-16,15,3,-15.996610462302375,7.065445597285024,3.03290884785871,0.3232281722451663,5.807330300012836
10,100,5,2,-16,15,3,-15.98852692981831,7.067292937632616,3.0166754271631477,0.32304953063636477,5.797259800019674
10,100,5,2,-16,15,3,-15.991699921887658,8.726510597789389,3.0176433562750438,0.32360331962364947,6.249104999995325
10,100,5,2,-16,15,3,-15.999046439796338,1.1256660080854861,2.9697590635714013,0.32495504113024754,6.463770099973772
10,100,5,2,-16,15,3,-15.998243856334925,7.670914717201669,3.0018721045750687,0.3232043533639927,5.846575599978678
10,100,8,2,26,-29,19,25.91136854465405,-29.11337277536095,19.210764419433197,0.352102771832135,6.765302499989048
10,100,8,2,26,-29,19,26.50833913972392,-13.6087021963627,18.607765827955127,0.38958726103043917,6.796720300015295
10,100,8,2,26,-29,19,26.010982238004594,-13.215751437547386,19.010117056210753,0.3896579738606149,6.75411880001775
10,100,8,2,26,-29,19,25.961538667963847,-14.2015777110145,19.053545714720272,0.3881460475108548,6.768400600005407
10,100,8,2,26,-29,19,5.353987745102201,29.999986514609972,-20.962307071006755,0.48812820367960624,6.643268599989824
10,100,8,2,26,-29,19,7.544063446143847,-30.0,20.44367811794834,0.4648553273707461,6.763360200013267
10,100,8,2,-1,24,1,-0.9995963360833813,23.99945781984305,1.003194256870591,0.2974277029455984,9.538920699997107
10,100,8,2,-1,24,1,-0.9985955472610759,24.01348361781318,1.004898505716133,0.29754746191473147,9.60670589999063
10,100,8,2,-1,24,1,-0.9935355398741679,24.01265676771879,1.0474220892532804,0.29764831157294874,9.647617299982812
10,100,8,2,-1,24,1,-0.9962449042967346,23.99009884601216,1.0553287341460522,0.2978594655448413,10.358467599988217
10,100,8,2,-1,24,1,-0.9973273896261599,23.99941740469786,1.0051517954577542,0.2974277029455984,9.610011900018435
10,100,8,2,-1,24,1,-0.9938570243509235,23.999593219865403,1.008277873363343,0.29755061346655076,9.697932000010042
10,100,8,2,1,9,-9,1.0030801097969515,8.957209584249814,-8.893591068198333,0.25762214534909755,9.469860399985919
10,100,8,2,1,9,-9,1.000268250464164,9.003969324933639,-9.004557345102528,0.25679295795381696,9.582180500001414
10,100,8,2,1,9,-9,1.0050301103848558,9.005173744337947,-9.010514555245905,0.25679295795381696,9.326702399994247
10,100,8,2,1,9,-9,1.004558333978718,9.004826239401586,-9.051299072146048,0.25691255228967474,9.41489929999807
10,100,8,2,1,9,-9,1.0038419723572838,9.005682479807657,-9.010137367779562,0.25679295795381696,9.565680899977451
10,100,8,2,1,9,-9,1.0057215475628696,9.003934817369311,-9.00852013658373,0.25679295795381696,9.483731499989517
10,100,5,5,8,3,-13,7.493757847464303,3.001673188387104,-13.032890856246016,0.2310452697536226,3.7419479000091087
10,100,5,5,8,3,-13,7.539344492415242,3.001586174260485,-12.99191121203792,0.2311986251696279,3.808617700007744
10,100,5,5,8,3,-13,8.43913413473967,3.006831606084849,-12.994865912687512,0.23100437497602117,3.7245077000116
10,100,5,5,8,3,-13,8.46693560011764,3.001052410728219,-13.024565829833616,0.23110661192002468,3.792005800001789
10,100,5,5,8,3,-13,8.457488015703255,3.0037842960020353,-13.00973716896687,0.23110661192002468,3.7373304999782704
10,100,5,5,8,3,-13,8.415010136893173,3.0004818650056015,-12.961112337742314,0.23100437497602117,3.767196900007548
10,100,5,5,-23,4,-13,-21.41714398853101,4.344814978094565,-12.272512446781334,0.24155173153681492,3.353973199991742
10,100,5,5,-23,4,-13,-22.97092178889077,4.001314470184197,-12.97800683016046,0.24745316325460992,3.421690100018168
10,100,5,5,-23,4,-13,-22.957106790796608,4.003115017724052,-12.994999136968186,0.24745316325460992,3.374399499996798
10,100,5,5,-23,4,-13,-22.631392138166476,4.34725754512928,-12.110856462699608,0.23941892904114992,3.414663199975621
10,100,5,5,-23,4,-13,-22.79913738859292,4.003432774043602,-12.959580266460687,0.24791720538369622,3.4142221999936737
10,100,5,5,-23,4,-13,-22.591876045081975,4.336778397152349,-12.152161593633469,0.23992843185955876,3.42007689998718
10,100,5,5,-1,-19,-26,-0.9864166412218757,-18.99510613469201,-25.98266529811148,0.25373035475921,4.278988000005484
10,100,5,5,-1,-19,-26,-0.9834764558494131,-18.99797369416735,-25.974886094867824,0.25373035475921,4.253038599999854
10,100,5,5,-1,-19,-26,-0.9948461951772158,-18.995959793105875,-25.994637909180028,0.25373035475921,4.212263699999312
10,100,5,5,-1,-19,-26,-1.1814633882419994,-18.999211746082032,-25.969771484552222,0.25368072696782407,4.2878163999994285
10,100,5,5,-1,-19,-26,-0.9860035551578409,-18.99624295930362,-25.978506800001934,0.25373035475921,4.196024599979864
10,100,5,5,-1,-19,-26,-0.9852638681029181,-18.9953057556413,-25.978357246872534,0.25373035475921,4.2932526000076905
10,100,5,8,6,5,-12,6.0049791614427654,5.0711823067673905,-11.99807783081701,0.31180046740802203,6.094049100007396
10,100,5,8,6,5,-12,6.003505850770562,5.052758991747916,-12.000639604564524,0.3121375146193748,5.966242299997248
10,100,5,8,6,5,-12,6.00525065065145,5.071767206312529,-11.99717683321354,0.31180046740802203,5.990410600003088
10,100,5,8,6,5,-12,6.006725933460663,5.07092748342569,-11.998677072120177,0.31180046740802203,6.042154399998253
10,100,5,8,6,5,-12,6.003480371019188,5.070738313637949,-11.998841610483618,0.31180046740802203,5.931067199999234
10,100,5,8,6,5,-12,6.00407970229084,5.07101423962396,-11.997879108305924,0.31180046740802203,5.936840300011681
10,100,5,8,6,-23,23,6.003408040605774,-23.11179509101392,22.998338305861306,0.32860410056422756,5.810933600005228
10,100,5,8,6,-23,23,6.000996539340516,-6.569555715640348,23.024658305090405,0.3278599105116231,5.919648800016148
10,100,5,8,6,-23,23,6.0023760646867,-1.6776872147265225,23.044675166101744,0.32778291043478314,5.805456700007198
10,100,5,8,6,-23,23,6.005224303392771,-1.5200598766272604,22.99734984002238,0.32746849345435314,5.87489859998459
10,100,5,8,6,-23,23,6.002417219982983,-1.5147556034949634,23.002814117177184,0.32764816030031313,5.840726299997186
10,100,5,8,6,-23,23,6.003716445430162,-5.808236889763425,23.01410352634748,0.32805882737679304,5.912734000012279
10,100,5,8,-10,-4,-9,-9.999297313590645,-4.106968121364031,-9.000624025639837,0.29839205509090666,5.860507499979576
10,100,5,8,-10,-4,-9,-9.996193351122503,-4.012989495849435,-9.00855953061802,0.2984612305196795,6.202181900007417
10,100,5,8,-10,-4,-9,-9.99663387196808,-4.111354420317737,-9.003633646545016,0.29839205509090666,5.907393600005889
10,100,5,8,-10,-4,-9,-9.997249053131009,-4.07133510927739,-8.962751184822421,0.2986918152822555,5.974174500006484
10,100,5,8,-10,-4,-9,-9.99715492681594,-4.011707092226535,-9.004296207961753,0.2984612305196795,5.819859999988694
10,100,5,8,-10,-4,-9,-9.972210483714948,-3.9772946026602884,-9.0905422103331,0.3014434601156629,5.92169489999651
10,100,2,8,8,4,-4,8.000512804910606,4.057756759927643,-3.9987262188238475,0.26607825010437164,9.042014200007543
10,100,2,8,8,4,-4,8.005071938044882,4.008356288528874,-3.9859741465074805,0.26580306232954476,9.058449600008316
10,100,2,8,8,4,-4,8.006170645968231,4.003025852956525,-3.9912012990594414,0.2658718592732514,9.09353579999879
10,100,2,8,8,4,-4,8.00359667405468,4.0013989708034385,-3.9950988566437537,0.2658718592732514,9.552958099986427
10,100,2,8,8,4,-4,8.00576383328085,4.003092796530666,-3.990025883252374,0.2658718592732514,9.088397300016368
10,100,2,8,8,4,-4,8.005709080062745,4.00875112970071,-3.9856697976720836,0.26580306232954476,9.187923899997259
10,100,2,8,19,2,-11,19.00322059055012,2.0003762786143207,-10.990799620776938,0.29499539873567215,9.31845219997922
10,100,2,8,19,2,-11,19.00270075893677,2.0008902109952564,-10.991761804126815,0.29499539873567215,9.47904710000148
10,100,2,8,19,2,-11,19.000588480497534,2.0009991537211804,-10.993378049717133,0.29499539873567215,9.309288799995556
10,100,2,8,19,2,-11,19.001885093598602,2.0001938337089156,-10.991271324671485,0.29499539873567215,9.354457900015404
10,100,2,8,19,2,-11,19.00159472715688,2.000543851598154,-10.992196336405001,0.29499539873567215,9.248650800000178
10,100,2,8,19,2,-11,19.00001279165658,2.001096180713628,-10.994120580546824,0.29499539873567215,9.276309299981222
10,100,2,8,14,-28,7,13.99016542994838,-27.998810156731082,7.101665878815703,0.3108094629934164,9.865726799995173
10,100,2,8,14,-28,7,14.000442824651719,-17.082274297346913,7.127397720665941,0.3963890251071795,9.906208100001095
10,100,2,8,14,-28,7,13.988845441388815,-27.995557909878567,7.1009702828987304,0.3108974354051287,9.873324599990156
10,100,2,8,14,-28,7,14.002704279142229,-15.56921158907259,6.99113404298053,0.39616029683672743,9.990093800006434
10,100,2,8,14,-28,7,14.003201340178927,-21.557926791267086,7.116535116176422,0.39611337821714754,9.862937800004147
10,100,2,8,14,-28,7,14.048587893171064,-27.99210444016057,6.964606251135742,0.3112405278108068,9.919134499999927
10,100,8,8,-17,-11,25,-17.03483584950418,-10.997833922426263,24.94306387338382,0.2909677316168273,8.48391690000426
10,100,8,8,-17,-11,25,-17.03591195309394,-10.99137875344671,25.01126618472657,0.29062641374683884,8.538280300010229
10,100,8,8,-17,-11,25,-17.079427195238992,-11.077272110554231,24.871418737351643,0.29504437089545404,8.488940199982608
10,100,8,8,-17,-11,25,-17.038237247563373,-11.009381035003823,24.996748268548863,0.2909102061331214,8.515037600009236
10,100,8,8,-17,-11,25,-17.024598398714545,-10.99858335926439,24.995751834994856,0.29061874368234475,8.455515999987256
10,100,8,8,-17,-11,25,-17.036414246976538,-10.97294457357094,25.013944437591473,0.2911518131646863,8.706237200007308
10,100,8,8,-6,1,-28,-5.995148167028482,1.0008635761141356,-28.008634309991606,0.2616329791544719,9.804286200000206
10,100,8,8,-6,1,-28,-5.992268255789822,1.006864152113279,-28.04423607567168,0.26148756691095126,9.4548758000019
10,100,8,8,-6,1,-28,-5.99199097507698,1.0071162146860428,-28.026618132361246,0.2613542723543907,9.44063160000951
10,100,8,8,-6,1,-28,-5.997065294809503,1.0062653540266797,-28.0458168048321,0.2614229392471643,9.361615800007712
10,100,8,8,-6,1,-28,-5.997996393579138,1.006429639272494,-28.044759390525513,0.2614229392471643,9.423831399995834
10,100,8,8,-6,1,-28,-5.998779904890419,1.0070692740426748,-28.02764148259688,0.2613542723543907,9.405791400000453
10,100,8,8,22,28,-10,22.00186123521954,14.928375821148942,-10.147703400815633,0.39110752324537346,10.298977599974023
10,100,8,8,22,28,-10,22.00189705226042,14.26509103342826,-10.228811542281147,0.3914321302072415,10.25916079999297
10,100,8,8,22,28,-10,22.05945711377548,28.001677713506826,-9.984713261795807,0.31352645935890333,9.920993200008525
10,100,8,8,22,28,-10,22.00022609934844,13.544617585041717,-10.03283134588167,0.3910373379563209,10.0209782999882
10,100,8,8,22,28,-10,22.003335653553318,17.56216176371033,-10.112776784248304,0.3907887650575931,10.266743999993196
10,100,8,8,22,28,-10,22.000646355835507,14.907712692107879,-10.187185037375874,0.3909817746024876,10.24151280001388
