Npart,Niter,posx,posy,Ix,Iy,Itheta,Ox,Oy,Otheta,f,t
10,100,2,2,-8,8,7,-7.999427790574604,8.001796149936231,6.822347626880222,0.2725745412983862,8.966301700012991
10,100,2,2,-8,8,7,-7.997174509541552,8.002861064147394,6.978614053043222,0.2701401118633564,8.659657400014112
10,100,2,2,-8,8,7,-7.999894347953484,8.000931698572893,6.998725763704623,0.26958961274488225,8.6230060000089
10,100,2,2,-8,8,7,-7.998798217480411,8.002915935196938,6.970709012097767,0.2699158344447187,9.729853099997854
10,100,2,2,-8,8,7,-7.998468049052875,8.000463489659332,7.001125248471313,0.26977719022228824,13.959110199997667
10,100,2,2,-8,8,7,0.12505589958063584,7.9933484641951615,6.994312028612745,0.4281374366366684,9.93947240000125
10,100,2,2,9,2,-9,9.003785237419285,2.0013989065479985,-8.993785815956146,0.26305250270562064,9.312853599985829
10,100,2,2,9,2,-9,9.003875658005668,2.0007569209657277,-8.992210204560788,0.26305250270562064,9.984388699987903
10,100,2,2,9,2,-9,9.003883889558807,2.0017177637544807,-8.994589905013857,0.26305250270562064,10.185496999998577
10,100,2,2,9,2,-9,9.002267634720218,2.0007461133438964,-8.995466174548136,0.26305250270562064,9.25523839998641
10,100,2,2,9,2,-9,9.00165188383164,2.001563687737973,-8.99532895302,0.26305250270562064,9.1718705999956
10,100,2,2,9,2,-9,2.3507360551060685,2.0013216148902027,-8.994531904411428,0.42107448051921803,8.905297399993287
10,100,2,2,-3,-3,8,-2.9928228973115356,-2.959331024066698,7.981131639428401,0.2609970435521374,10.659190999984276
10,100,2,2,-3,-3,8,-2.996704231043919,-2.9581936802976214,7.98288293899666,0.2609970435521374,11.152045199996792
10,100,2,2,-3,-3,8,-2.9943011182334898,-2.9228669779908323,7.931789913675886,0.2609849941979984,10.559840600006282
10,100,2,2,-3,-3,8,-2.9937716036108126,-2.942154493028237,7.932768874175582,0.26102917516317453,9.724905300012324
10,100,2,2,-3,-3,8,-2.9934639719945637,-2.905082628986561,7.973156946552333,0.26102917516317453,9.088707899994915
10,100,2,2,-3,-3,8,-2.9944130982856,-2.938713248181773,7.93206125247152,0.26102917516317453,9.222145399980946
10,100,2,2,5,0,-9,5.000337452170635,0.00012384359131637835,-9.00074257859096,0.2621555649421074,9.415310999989742
10,100,2,2,5,0,-9,5.003040005088205,0.004707053223577149,-9.00486204500462,0.2620866374539156,9.204161800007569
10,100,2,2,5,0,-9,5.005785590460197,0.006529252144618076,-9.006710418895116,0.2620866374539156,9.25969299999997
10,100,2,2,5,0,-9,5.001028893326724,0.005006403613010198,-9.007401787586396,0.2621555649421074,9.806921000010334
10,100,2,2,5,0,-9,5.003662115602485,0.0033990662306258943,-9.006083637746666,0.2621555649421074,9.203981400001794
10,100,2,2,5,0,-9,5.0022088307259605,0.004967030370957329,-9.00570723616598,0.2621555649421074,8.847435400006361
10,100,2,2,3,-6,-8,3.0042744809375677,-5.9971945489222245,-7.98893957001917,0.25908922914680566,9.109793500014348
10,100,2,2,3,-6,-8,3.0006208821955864,-5.990565062684787,-7.968889867441879,0.25908922914680566,9.190888100012671
10,100,2,2,3,-6,-8,3.003259106911174,-5.9980524611784265,-7.989511649011865,0.25908922914680566,9.525305300019681
10,100,2,2,3,-6,-8,3.0015625439934546,-5.9980792978181166,-7.977595597441805,0.25908922914680566,9.449425300001167
10,100,2,2,3,-6,-8,3.000039660390253,-5.993687107735205,-7.971592673120473,0.25908922914680566,9.098502900014864
10,100,2,2,3,-6,-8,3.0007053824244285,-5.99570955132115,-7.981320251277575,0.25908922914680566,9.152455800009193
10,100,2,2,-8,-5,1,-7.999559235626905,-4.99463637554411,0.9993000812311872,0.2586588382306675,9.0540975999902
10,100,2,2,-8,-5,1,-7.999384829688401,-4.995354040001086,0.9994334835818617,0.2586588382306675,8.951356900011888
10,100,2,2,-8,-5,1,-7.999725133942538,-4.99651851432332,0.9984207528650646,0.2586588382306675,8.990259500016691
10,100,2,2,-8,-5,1,-7.9932945470365455,-4.995831121141742,1.0139771606777217,0.259018291860684,9.250394200003939
10,100,2,2,-8,-5,1,-7.999455599384932,-4.995380802019808,0.9994294101398422,0.2586588382306675,9.634253600001102
10,100,2,2,-8,-5,1,-7.996072856652753,-4.992903446624336,1.0101574547898786,0.259018291860684,9.573125999973854
10,100,2,2,4,0,-8,4.000162376803485,0.0039410363180116155,-7.999240283259873,0.26292168445194475,8.800458399986383
10,100,2,2,4,0,-8,4.000801796755507,0.0004975425829742273,-8.000929075382567,0.2628933562986538,9.807141099998262
10,100,2,2,4,0,-8,4.000194562788588,0.004695525812628025,-7.999348797366027,0.26292168445194475,9.4239117000252
10,100,2,2,4,0,-8,4.004538201674802,0.006816500087122425,-8.01322543109138,0.2631199815249819,8.74368479999248
10,100,2,2,4,0,-8,4.002193412479365,0.0035109338458210013,-8.016062424947588,0.2631199815249819,8.561834199994337
10,100,2,2,4,0,-8,4.003774355800559,0.009227094820978055,-8.011236348380482,0.2631199815249819,10.971890899993014
10,100,2,2,-9,4,-1,-8.997783348371271,4.0465192341912175,-1.0130622017694129,0.266406047306739,8.950059199996758
10,100,2,2,-9,4,-1,-8.994981393295454,4.00672797049475,-0.9624138945587688,0.26638581291153113,10.185750400007237
10,100,2,2,-9,4,-1,-8.99383399958747,4.010081060917935,-0.9643502273201012,0.26638581291153113,10.46279219997814
10,100,2,2,-9,4,-1,-8.99992993806277,4.035011779580175,-1.00045546329757,0.26605801570916376,9.35442210000474
10,100,2,2,-9,4,-1,-2.8863278286818477,4.008805805870519,-1.043763221122172,0.4239793765484601,9.043998700013617
10,100,2,2,-9,4,-1,-8.993941477310436,4.0099190112001635,-0.9645159550335618,0.26638581291153113,10.022930100007216
10,100,2,2,-4,5,5,-3.998904465200886,5.0160686195818185,4.953454543826796,0.2674318270791701,8.49659850000171
10,100,2,2,-4,5,5,-3.9972226945848215,5.0053508823471,4.955926532808309,0.26745624710355786,9.17825929998071
10,100,2,2,-4,5,5,-3.9905699072975365,5.005130991831819,4.991761029461641,0.2681522177986108,10.704173800011631
10,100,2,2,-4,5,5,-3.9958964596060658,5.00800242199481,4.95705172356648,0.26745624710355786,9.758361200016225
10,100,2,2,-4,5,5,-3.9946557948855577,5.006712679155187,4.958589090673021,0.26745624710355786,9.533718000020599
10,100,2,2,-4,5,5,-3.99867282662895,5.015191077607708,4.954478009672789,0.2674318270791701,10.595229700003983
10,100,5,2,-1,0,0,-0.9593314672958092,-0.5649841019831612,-0.11030913530946793,0.31870233825132066,6.388179599976866
10,100,5,2,-1,0,0,-1.1203006183755713,-0.4853786460893472,-0.022988221772262618,0.3068129469533695,6.473194699996384
10,100,5,2,-1,0,0,-0.9997023865986826,-0.005594851121379146,-0.003374159311022267,0.3172565119581919,7.595038100000238
10,100,5,2,-1,0,0,-0.9999027635191448,-0.009972933227116492,0.0002682494200230247,0.31701340842217907,6.205984100000933
10,100,5,2,-1,0,0,-1.1034376005103506,-0.3944092636091074,-0.06704012198572423,0.31715470094723075,6.447472600004403
10,100,5,2,-1,0,0,-0.9986667552873754,0.7943235405295351,0.0023557087037910825,0.317294896727036,6.1769945999840274
10,100,5,2,-9,1,4,-8.999930244238683,0.9759511050075799,3.9974493475912185,0.3079601983685476,7.106719199975487
10,100,5,2,-9,1,4,-8.980607382914057,0.99350416955325,3.973236790331944,0.3084321973470338,7.915601000015158
10,100,5,2,-9,1,4,-8.99911674547412,6.909064070144786,4.002078868259744,0.3227197339931037,6.511414100008551
10,100,5,2,-9,1,4,-8.971562219267051,0.9285542848556121,3.9421774388050213,0.3085406295447942,6.564241999993101
10,100,5,2,-9,1,4,-8.996065061986254,0.9785543970285892,3.993242050671653,0.3081069007537528,6.684087899979204
10,100,5,2,-9,1,4,-10.0,8.231226470523788,3.593533891872944,0.3709146567152931,6.76918570001726
10,100,5,2,4,4,-7,4.075273446901713,4.287027646923907,-6.820500278959561,0.3070108736882999,6.929949599987594
10,100,5,2,4,4,-7,3.9924600613067724,4.0537311945454215,-7.056142494317447,0.3062003265345703,6.158340099995257
10,100,5,2,4,4,-7,4.091145353660792,4.452555268134608,-6.957804836342275,0.3076492692341576,6.919063299981644
10,100,5,2,4,4,-7,3.991596990413951,-0.03350213099842215,-7.003065016404192,0.3240825748022494,6.215163599990774
10,100,5,2,4,4,-7,3.9914564033571454,-0.8617729957123234,-7.06458441438154,0.3244412239853155,6.225013699993724
10,100,5,2,4,4,-7,3.9900059189018977,-0.06085339921083722,-6.99258496995453,0.32424755342645983,7.446784900006605
10,100,5,2,9,-4,-4,9.027158387880652,-3.979332399996243,-4.004398962237651,0.2951711955799403,6.61787029998959
10,100,5,2,9,-4,-4,9.01585483495444,-3.9775631558025952,-3.9999942363551355,0.2951711955799403,6.530823599983705
10,100,5,2,9,-4,-4,9.03061119269335,-3.9815190128193265,-3.9943008081177918,0.2951711955799403,6.1573974000057206
10,100,5,2,9,-4,-4,9.031512837010743,3.73694914955837,-4.008794731558832,0.32318439989399794,6.34471730000223
10,100,5,2,9,-4,-4,9.022758003959172,3.738711534457741,-4.010690330127529,0.32318439989399794,6.055897100013681
10,100,5,2,9,-4,-4,9.032780831460878,0.8899610430661293,-3.9938789072345826,0.32087363680862346,6.628598399984185
10,100,5,2,8,-7,-5,8.000547920683243,-6.937304347331428,-5.000003264328915,0.298671886499976,6.33891940000467
10,100,5,2,8,-7,-5,8.001018395788458,0.12954074128766538,-5.000802024378207,0.3204897891200231,7.290200299990829
10,100,5,2,8,-7,-5,8.044096616740198,-7.042301921246357,-4.899665982855411,0.3003608163298178,6.303006300004199
10,100,5,2,8,-7,-5,8.002079077235901,0.12593940583728208,-4.9993392696026016,0.3204897891200231,6.5726175000017975
10,100,5,2,8,-7,-5,8.000588574256575,-6.975872672762309,-4.993772836492231,0.29877936385278414,5.804075599997304
10,100,5,2,8,-7,-5,8.003941477870171,-6.988356537625348,-4.973172532554775,0.2989329029282243,7.052846700011287
10,100,5,2,7,1,9,7.018991472199793,1.004457530647185,8.995537181207322,0.29287528254650064,7.6790440999902785
10,100,5,2,7,1,9,7.011691400062318,0.9839244356172011,8.975909351359961,0.2933036529025642,6.733560499997111
10,100,5,2,7,1,9,7.010360812398999,1.0528479812263818,9.00723803835659,0.2932118592548363,6.22004869999364
10,100,5,2,7,1,9,7.014944347254244,1.057467241866815,9.000042546129398,0.2932501066080563,7.758380999992369
10,100,5,2,7,1,9,7.014351335695076,1.004820734285643,8.99774816007009,0.2931047666658204,6.933348999998998
10,100,5,2,7,1,9,7.022350535258064,1.0019966003951626,9.000354003939467,0.2931047666658204,7.267587200010894
10,100,5,2,-3,1,6,-2.9919605244422005,1.0041536332533416,5.918960038472734,0.31362418611038245,6.0932244999858085
10,100,5,2,-3,1,6,-2.9967956455705687,1.043745011395592,5.985162867362858,0.31344559190230664,6.667607299983501
10,100,5,2,-3,1,6,-2.9886496040495385,1.050408167745821,5.966641261567718,0.3136433212041049,6.616702900006203
10,100,5,2,-3,1,6,-2.996618030159876,1.3632660786861512,5.987213911845776,0.31331164624624974,7.300233799993293
10,100,5,2,-3,1,6,-2.995085240218915,-5.430791803522351,5.943259638760814,0.3324722534269613,7.398288900003536
10,100,5,2,-3,1,6,-2.9405738868963334,-5.4223523755817755,5.930440744445987,0.33276565819737164,6.574174399982439
10,100,5,2,5,1,5,4.991853490929588,-0.26843400409182805,4.99164313317417,0.2994538273003333,6.492361300013727
10,100,5,2,5,1,5,5.002203589097503,0.8124572630266379,4.9037814324876035,0.2900220299962919,6.741901600005804
10,100,5,2,5,1,5,5.036243294887742,0.779701642171926,4.939379537874988,0.2905345445294393,6.482286300015403
10,100,5,2,5,1,5,5.0284131147493705,0.7612648943754939,4.957689722180253,0.2905345445294393,7.0094906000013
10,100,5,2,5,1,5,5.016273649845152,0.7755730078575929,4.945937689903769,0.290786977060691,6.112819100002525
10,100,5,2,5,1,5,5.012524858240418,0.757792475155662,4.960024201163512,0.2905345445294393,6.6721281000063755
10,100,5,2,1,0,5,0.9935900042887158,-0.042804333068261834,5.042132154241976,0.3034909196855063,7.254485799989197
10,100,5,2,1,0,5,0.9870882642010176,-0.05906319526110121,5.045498519360175,0.3156215036087374,7.576185900019482
10,100,5,2,1,0,5,1.0244297865318772,-0.06719719913108083,5.017451066565903,0.3192589173995606,7.279887499986216
10,100,5,2,1,0,5,1.0088246518763277,-0.07178512868246466,5.004982210589808,0.3192589173995606,7.198128899995936
10,100,5,2,1,0,5,0.7909012130691357,-0.9733291896750984,4.48315432622761,0.31536446280896013,7.964246499992441
10,100,5,2,1,0,5,0.9964261436296795,4.959780806223551,5.038911153845394,0.32495847404674016,7.368881600006716
10,100,8,2,6,-2,-6,6.0066926511968175,-1.994659961456692,-5.999534829264876,0.2640984937502323,9.313174200011417
10,100,8,2,6,-2,-6,6.004265143668511,-1.9952261011275332,-5.999184441598377,0.2640984937502323,11.162602900003549
10,100,8,2,6,-2,-6,6.003457099079616,-1.9970051316935142,-5.996413232787823,0.2640984937502323,10.40458650002256
10,100,8,2,6,-2,-6,6.005741704292438,-1.9969378931929127,-5.996505459394708,0.2640984937502323,9.276092799991602
10,100,8,2,6,-2,-6,6.002217320154921,-1.9957483249592682,-5.996930200064215,0.2640984937502323,9.640863300010096
10,100,8,2,6,-2,-6,6.0000786408342,-1.9931291722552844,-5.999556598950933,0.2640984937502323,9.191178699984448
10,100,8,2,5,-2,-6,5.002001807310025,-1.9990137538083483,-5.986830778668443,0.26469678434773397,10.360391099995468
10,100,8,2,5,-2,-6,5.006833241234294,-1.9985073469239936,-6.007174079987626,0.2646886443396047,10.21793539999635
10,100,8,2,5,-2,-6,5.004960184094962,-1.9993592223944432,-6.005354496695938,0.2646886443396047,9.74651269998867
10,100,8,2,5,-2,-6,5.001751120992232,-1.9959567242879372,-6.011292573751183,0.2647578344087036,9.707171299989568
10,100,8,2,5,-2,-6,5.005073053771847,-1.9987395102812109,-6.0053234543418785,0.2646886443396047,10.052747499983525
10,100,8,2,5,-2,-6,5.004621870956107,-1.994499055587615,-5.905317655504674,0.26511599476639164,10.67175270000007
10,100,8,2,-6,-5,3,-5.998499308445232,-4.9920651116796115,2.970179724219124,0.2672240092677335,10.650559700006852
10,100,8,2,-6,-5,3,-5.996474923921164,-4.998264996678721,2.9616792161917753,0.2673296281945062,10.465206099994248
10,100,8,2,-6,-5,3,-5.999043219311392,0.5363006655114527,3.0899835891674683,0.3457394945239852,8.71671979999519
10,100,8,2,-6,-5,3,-5.99858423628543,-4.99337439444813,2.9733704221346287,0.2672240092677335,9.04066800000146
10,100,8,2,-6,-5,3,-5.992805567223021,-4.999486932924004,3.015327850476539,0.26757336417936617,8.536318200000096
10,100,8,2,-6,-5,3,-5.99349455008488,-4.998414975461857,2.9604352344922007,0.2673296281945062,8.576132500020321
10,100,8,2,3,-9,-8,3.001682859901664,-8.994282346481844,-8.004993563869705,0.27194390886439307,8.261270699993474
10,100,8,2,3,-9,-8,3.0006043451666065,-0.4698812665647333,-8.006120649108421,0.3481259155806169,8.500256100000115
10,100,8,2,3,-9,-8,3.0023659651364687,-8.991115881047222,-8.006608621929276,0.27194390886439307,8.784609499998624
10,100,8,2,3,-9,-8,3.0005808803372194,-9.03713733761321,-8.001162478707277,0.27222386868155174,8.83530299999984
10,100,8,2,3,-9,-8,3.0015346513225434,-10.0,-7.972331974081292,0.29513116901494285,8.950178400002187
10,100,8,2,3,-9,-8,3.001574769199396,-4.193709327107225,-8.024628781394807,0.3467425847193625,8.858440299984068
10,100,8,2,-9,4,9,-8.994028767477394,-3.0821411440900026,8.929704872676457,0.34688872868283427,9.11232139999629
10,100,8,2,-9,4,9,-8.996564274073556,4.004624670446037,9.049013757054492,0.25882658325800856,8.917816899978789
10,100,8,2,-9,4,9,-8.994396866278239,4.004986731474563,9.045173051469405,0.25882658325800856,9.041943199990783
10,100,8,2,-9,4,9,-8.992674069677165,4.001673734734222,9.04937687060555,0.2587826500365621,8.922350699984236
10,100,8,2,-9,4,9,-8.992355353465687,4.0036181710444785,9.049107424334252,0.2587826500365621,8.836395099991933
10,100,8,2,-9,4,9,-8.992156683403225,4.004615188881447,9.049376529597938,0.25871475323978116,9.055687699990813
10,100,8,2,-9,7,9,-8.992124931713539,7.001961578285652,9.027445987904942,0.25811727035433474,10.265908400004264
10,100,8,2,-9,7,9,-8.994227026309296,7.001037194664258,9.027241506254564,0.25811727035433474,9.605879699985962
10,100,8,2,-9,7,9,-3.747111303260096,7.004508205758476,9.015094044842769,0.4115416442513032,10.923338200023863
10,100,8,2,-9,7,9,-3.763804401084647,7.005150917393751,9.024452062359021,0.41159337195659546,8.967599199997494
10,100,8,2,-9,7,9,-8.997553716276746,7.001589035807106,9.02924279192972,0.25811727035433474,8.805702600016957
10,100,8,2,-9,7,9,-10.0,7.001345277443434,8.588712425441683,0.30204205025600595,9.446513099974254
10,100,8,2,0,-7,0,0.006613193453593939,-6.997524701570263,0.04466916849093465,0.2685745686015627,8.542054399993503
10,100,8,2,0,-7,0,0.004155018136806136,0.0020797487164992226,-0.011167237942795883,0.344361598702474,9.661886199988658
10,100,8,2,0,-7,0,0.003024578062339086,-6.9976186855873355,0.04502887176253033,0.2685745686015627,11.565544899989618
10,100,8,2,0,-7,0,0.00653164926700818,-6.998994421597362,0.008768621528240525,0.26852945483290047,9.238713200000348
10,100,8,2,0,-7,0,0.005986665231702778,3.626419708899702,0.0006057419824761091,0.35054218500920453,9.674444900010712
10,100,8,2,0,-7,0,0.001224684163269432,-6.994758043225793,0.01498407488472742,0.26852945483290047,10.180135500006145
10,100,8,2,0,-5,7,0.005307758492463363,-4.99471460908825,7.0079081355245005,0.2678498468451923,8.544502700009616
10,100,8,2,0,-5,7,0.004730363473838825,-4.997767546026622,6.996520831729024,0.26769050968797814,8.63705019999179
10,100,8,2,0,-5,7,0.0015360450615764087,-0.002967529743035165,6.990581447553504,0.3429793592557512,8.838776899996446
10,100,8,2,0,-5,7,0.005506384091184268,-4.996248632236043,6.994629893343084,0.26769050968797814,8.54538070000126
10,100,8,2,0,-5,7,0.00439819094849323,-4.998816516907118,6.997187590081449,0.26769050968797814,8.612001500005135
10,100,8,2,0,-5,7,0.001615083529284359,0.0028447827418863697,6.994245565609574,0.3429793592557512,8.875991500011878
10,100,8,2,5,3,5,5.004797862178963,3.00216187351353,5.069774518409734,0.26028866277885204,8.814796899998328
10,100,8,2,5,3,5,5.00481546098336,3.0060774411624287,4.995857543886655,0.2602241570540532,8.778147400007583
10,100,8,2,5,3,5,5.00567880735346,3.0071871873862173,4.993191907667959,0.2602241570540532,8.884358999988763
10,100,8,2,5,3,5,5.005577641226169,3.004376390291082,4.993659774550416,0.2602241570540532,10.048284200020134
10,100,8,2,5,3,5,5.00653844904647,3.006835289864741,4.995005548596419,0.2602241570540532,9.31319430001895
10,100,8,2,5,3,5,5.004648510046598,3.0065228686636747,4.996396507604449,0.2602241570540532,9.893556700000772
10,100,5,5,-3,-4,-7,-3.1243937124419263,-3.994145686774033,-7.050668065753166,0.22838050239885416,3.659988900006283
10,100,5,5,-3,-4,-7,-2.9055569833387453,-3.9966058001034788,-6.956606443979418,0.22809828985341224,3.7633379999897443
10,100,5,5,-3,-4,-7,-2.890973820688982,-3.995920268578163,-6.964928691592553,0.22809828985341224,3.7034714000183158
10,100,5,5,-3,-4,-7,-3.1908324008465967,-3.995885751715973,-6.999106475283491,0.22865263592481594,3.684010800003307
10,100,5,5,-3,-4,-7,-3.1293522869068298,-3.9997065496704005,-7.05319256255942,0.22838050239885416,3.6706111999810673
10,100,5,5,-3,-4,-7,-2.889733378997729,-3.993309818267647,-6.958184684566914,0.22809828985341224,3.6847704999963753
10,100,5,5,-5,1,4,-5.194358066777451,1.004779998367941,3.9655910554399942,0.22991251335982443,3.6773967999906745
10,100,5,5,-5,1,4,-5.224813727740274,1.0024540306780523,3.959088046322269,0.22963030081438252,3.716027499991469
10,100,5,5,-5,1,4,-5.072398084048398,1.0040976724541473,3.9233219062414095,0.22960006375594233,3.9118226999999024
10,100,5,5,-5,1,4,-5.015460203343248,1.0048992514777557,3.888810746973759,0.22975124904814337,3.6770724000234623
10,100,5,5,-5,1,4,-5.1391067717696775,1.0030915293284042,4.005180916336478,0.2294791155221816,3.6960408999875654
10,100,5,5,-5,1,4,-5.148778533037896,1.001568166229795,4.003473632317804,0.2294791155221816,3.7291413999919314
10,100,5,5,8,-1,2,7.931021148207988,-0.9959223653519094,2.0000468742925084,0.2305352047751994,3.924082899990026
10,100,5,5,8,-1,2,6.229473197674858,-0.9992842103582761,2.0088208888447294,0.23261090684405838,3.865342300006887
10,100,5,5,8,-1,2,7.930097646017412,-0.9980716887118319,1.9997881414417287,0.2305352047751994,3.6403886000043713
10,100,5,5,8,-1,2,7.927911243165088,-0.9980549143850921,1.9974130742455722,0.2305352047751994,3.807603699999163
10,100,5,5,8,-1,2,7.180002656195886,-0.9982607694645003,1.9774307386359475,0.231247455485102,3.6501837000250816
10,100,5,5,8,-1,2,7.930348646073439,-0.9998959840004372,2.000750763570892,0.2305352047751994,3.6792695999902207
10,100,5,5,8,2,-8,7.9059642149489,2.0032282896837406,-8.002343250923088,0.22996921381182378,3.6519123000034597
10,100,5,5,8,2,-8,7.844339684648938,2.003654294805343,-8.081256524608047,0.23045529960437156,3.7022504000051413
10,100,5,5,8,2,-8,7.835332953323247,2.005128309482747,-8.086483050007057,0.23045529960437156,3.614504799974384
10,100,5,5,8,2,-8,7.906179656636385,2.0036993489951156,-8.003876064893108,0.22996921381182378,3.7160142999782693
10,100,5,5,8,2,-8,7.840196039681513,2.0035931907728646,-8.083742116110063,0.23045529960437156,3.6799930999986827
10,100,5,5,8,2,-8,7.883731202402044,2.000881641019891,-7.993592595243127,0.23014136919668443,3.8836896999855526
10,100,5,5,-5,4,-8,-4.207864586650346,4.000158743319176,-8.049911252504582,0.2293682463079008,3.704333500005305
10,100,5,5,-5,4,-8,-5.133075027433041,4.003668107739146,-8.021962642884223,0.22934808826894065,3.7000391999899875
10,100,5,5,-5,4,-8,-5.267406101958708,4.007458595284188,-8.15829043963332,0.22934808826894065,3.665795099979732
10,100,5,5,-5,4,-8,-5.183113744597731,4.0052708031763125,-8.075355561173918,0.22846113455469474,3.6871362999954727
10,100,5,5,-5,4,-8,-5.180480134348758,4.001663735038815,-8.071361687560689,0.22846113455469474,3.710195899999235
10,100,5,5,-5,4,-8,-5.054950477217508,4.0037927061063785,-7.935580051843109,0.22934808826894065,3.6864465000107884
10,100,5,5,6,-2,0,5.168184747891179,-1.9934022680281318,-0.08356789142302777,0.230636954876614,3.6220675999938976
10,100,5,5,6,-2,0,6.020923815832307,-1.995465351249683,-0.021294209449947334,0.23003662927826746,3.6259918000141624
10,100,5,5,6,-2,0,5.194975123668791,-1.9978814197768213,-0.016567247009561865,0.22988400412614546,3.650610900018364
10,100,5,5,6,-2,0,6.006181506212595,-1.9980296515808424,-0.005673321444264087,0.23003662927826746,3.6409020999853965
10,100,5,5,6,-2,0,6.026669666691978,-1.9937338488389136,-0.027446817370797846,0.23003662927826746,3.6306195000070147
10,100,5,5,6,-2,0,5.194827551366451,-1.9938849131915228,-0.015746433495831894,0.22988400412614546,3.612547700002324
10,100,5,5,5,-7,-6,4.395024048936651,-6.997142896964848,-5.96836685841902,0.2284812925936549,3.6672031999914907
10,100,5,5,5,-7,-6,4.451497923681023,-6.996349247816255,-6.0227108795223,0.228199080048213,3.6836332000093535
10,100,5,5,5,-7,-6,4.43371260066092,-6.996658816175448,-6.053170783713084,0.228199080048213,3.7149986999866087
10,100,5,5,5,-7,-6,4.4465561692033475,-6.997916743899241,-6.025838437929773,0.228199080048213,3.7323690000048373
10,100,5,5,5,-7,-6,5.272163137182691,-6.999471484429697,-6.136787431446606,0.22840066043781432,3.730982800014317
10,100,5,5,5,-7,-6,4.4629839168520355,-6.998139410957301,-6.01408465553416,0.228199080048213,3.708737899985863
10,100,5,5,5,-4,-2,5.176777930644456,-3.998874366820895,-2.0682306731436166,0.22838050239885416,3.7043412999773864
10,100,5,5,5,-4,-2,5.059382230688643,-3.997792947217496,-1.939891116830046,0.22934808826894065,3.7058797999925446
10,100,5,5,5,-4,-2,5.163242070609648,-3.9954682394282717,-2.051632600734303,0.22866271494429602,3.9502587000024505
10,100,5,5,5,-4,-2,5.064433892555518,-3.995552924119761,-1.9463815231798631,0.22934808826894065,3.832294899999397
10,100,5,5,5,-4,-2,5.1682327063717315,-3.99841862405483,-2.0561328325530077,0.22866271494429602,3.7840853999950923
10,100,5,5,5,-4,-2,5.16225129391796,-3.9976347637001854,-2.052198447795192,0.22866271494429602,3.6667807000048924
10,100,5,5,0,-6,3,-0.03226218688363301,-5.994967214949668,2.973140608715209,0.226717464184643,3.6735967000131495
10,100,5,5,0,-6,3,0.016339402736989805,-5.998981514967859,2.9864946092762255,0.22653604183400178,3.664623200020287
10,100,5,5,0,-6,3,-0.023165747925691097,-5.998034847056141,2.963733937634231,0.22653604183400178,3.7351486000115983
10,100,5,5,0,-6,3,0.03833101081726568,-5.995301889076472,3.021606498375427,0.22653604183400178,3.6935268999950495
10,100,5,5,0,-6,3,0.039592329380516364,-5.994494101326101,3.022590680086653,0.22653604183400178,3.7038980000070296
10,100,5,5,0,-6,3,0.024101491976293014,-5.995031159455024,2.9809201057182912,0.22653604183400178,3.7579861999838613
10,100,5,8,4,0,4,4.004771870699403,-0.15038680194608742,4.032490388711993,0.31133623256974374,5.620495800016215
10,100,5,8,4,0,4,4.00578866703684,0.17404767460594417,3.99666118091747,0.31128535751897346,5.946438599989051
10,100,5,8,4,0,4,4.006546276797516,-0.16905985922997896,3.9974900615182527,0.31135531071378253,5.826120499987155
10,100,5,8,4,0,4,4.000764570751926,0.1629060568103169,3.9578311273042877,0.3112789981376272,5.655237900005886
10,100,5,8,4,0,4,4.00419134137812,-0.4934271275476887,4.05087397639899,0.3103123721729929,5.664524099993287
10,100,5,8,4,0,4,4.003314696203264,-0.48360131713929855,4.040699215694312,0.3103123721729929,5.707258500013268
10,100,5,8,-5,8,-7,-4.998033139386571,7.720171215231626,-7.00237865972272,0.2922295740042154,5.587598899990553
10,100,5,8,-5,8,-7,-4.9919102256218935,3.653652505527713,-7.002160684544304,0.31283123435674154,5.565832099993713
10,100,5,8,-5,8,-7,-4.999166432510222,-2.435572117297102,-7.017809853921811,0.3155959924932701,5.701295100006973
10,100,5,8,-5,8,-7,-4.999916477229698,7.72061942917902,-6.998709392948629,0.2922295740042154,5.721430800011149
10,100,5,8,-5,8,-7,-4.994234127534275,2.433789766893743,-7.019270341529509,0.31241766942773175,5.6356191000086255
10,100,5,8,-5,8,-7,-4.993310075641019,3.4068382215394566,-7.00369694332275,0.3123870349885458,5.658232100016903
10,100,5,8,6,8,-7,6.003902399057344,1.7125517864816853,-6.997772723456231,0.3240400554599504,5.598623800004134
10,100,5,8,6,8,-7,6.004124740902222,2.510987787553379,-6.998732068837871,0.32378492087698485,5.661306800000602
10,100,5,8,6,8,-7,6.003619037390965,8.210235405756677,-6.999229125974786,0.31430029275524113,5.692039699992165
10,100,5,8,6,8,-7,6.002763363905376,2.5117966742191937,-7.000399738632814,0.32378492087698485,5.560841400001664
10,100,5,8,6,8,-7,6.0047376975959645,-5.592829029052524,-6.998281072288352,0.3295956110040249,5.657542600005399
10,100,5,8,6,8,-7,6.003444307193306,8.2090833650546,-7.000534124769468,0.31430029275524113,6.023158600000897
10,100,5,8,-7,-3,-4,-7.011808947424392,-3.2518743708343143,-3.9762757808877494,0.2949252131890733,5.71820510001271
10,100,5,8,-7,-3,-4,-6.998135066595622,-3.182326081425792,-4.002375925314117,0.29464285665718215,5.589757000008831
10,100,5,8,-7,-3,-4,-6.996088814789825,-3.2778464945612185,-4.0034827904392625,0.2946504879148008,5.61106959998142
10,100,5,8,-7,-3,-4,-6.997399189881546,-3.184095339336885,-4.005189721472193,0.29464285665718215,5.693095299997367
10,100,5,8,-7,-3,-4,-6.9991388825892304,-3.275953064912595,-4.003607300358921,0.2946504879148008,5.720670300011989
10,100,5,8,-7,-3,-4,-6.999358572706315,-3.2762661132396276,-4.003609709140978,0.2946504879148008,5.69433850000496
10,100,5,8,-4,2,-6,-3.980160040395351,-6.027983130829425,-6.016022220793513,0.32858127255575786,5.638910600013332
10,100,5,8,-4,2,-6,-3.9841640322537804,1.9781773931639721,-5.995346871722804,0.30322738050640813,5.638927699998021
10,100,5,8,-4,2,-6,-3.982671539607151,1.9542025246104855,-6.013806608880605,0.3033924822949514,5.697468600003049
10,100,5,8,-4,2,-6,-3.971829477645084,1.9868188964865043,-5.998397970357429,0.30322738050640813,5.572321599989664
10,100,5,8,-4,2,-6,-4.047656106687574,2.2135860726479173,-6.265933265973751,0.3085967778033825,5.592734900012147
10,100,5,8,-4,2,-6,-3.9792280213643663,-2.001383671596942,-6.0231741857012056,0.32537973352574373,5.557052499993006
10,100,5,8,5,5,-7,5.0056005320119334,0.00832336993769977,-6.999398304905399,0.3239786826861448,5.718416399991838
10,100,5,8,5,5,-7,5.003881833660357,-3.49566230904091,-6.986362195031934,0.32817587437468854,5.694484700012254
10,100,5,8,5,5,-7,5.0058824857774376,5.047508095009066,-6.996047150367735,0.3122201865768764,5.609638499998255
10,100,5,8,5,5,-7,5.003742301228654,5.002269934021813,-7.0000610613270675,0.3123155772970705,5.610600500018336
10,100,5,8,5,5,-7,5.002446399588304,5.003927114205643,-6.998401609992974,0.3123155772970705,6.22006490000058
10,100,5,8,5,5,-7,5.005047232520601,0.011719537608770977,-6.997578441288532,0.3239786826861448,5.576465099991765
10,100,5,8,1,7,-1,1.0052925875946057,7.0697032606960555,-1.004635924175147,0.31830590570780004,5.816184199997224
10,100,5,8,1,7,-1,1.002511814472685,0.792006261820057,-0.999860828694067,0.3315729040220078,5.580365600006189
10,100,5,8,1,7,-1,1.007116452734749,7.07982531906893,-1.0033321584825523,0.31830590570780004,5.924595500022406
10,100,5,8,1,7,-1,1.0065122636175743,-0.8146487050480302,-0.9933436077266138,0.33233830777090434,6.4401368999970146
10,100,5,8,1,7,-1,1.006757856135931,0.8334324939536393,-0.997094445633357,0.3315729040220078,5.672741100017447
10,100,5,8,1,7,-1,1.0055076733737043,7.059059185904967,-1.0172347369369235,0.3182548787912069,5.64458600000944
10,100,5,8,-4,1,-8,-3.9894691179772557,0.90287197094081,-8.082651550106217,0.30222241309788356,5.659865099994931
10,100,5,8,-4,1,-8,-3.981118010969566,1.0022328086947923,-7.988731302144403,0.30248801162727934,5.744239899999229
10,100,5,8,-4,1,-8,-4.0750583495465085,0.5988658128244638,-7.902482692699092,0.3037729342424643,5.6359956999949645
10,100,5,8,-4,1,-8,-3.9779213008846686,1.0143913419671358,-7.981889869720361,0.30248801162727934,5.579274500021711
10,100,5,8,-4,1,-8,-3.985729293172392,-4.0350050409792795,-8.010425563948262,0.3262698475161512,5.63825530000031
10,100,5,8,-4,1,-8,-4.0782881445219585,-4.605500259049943,-8.06534411149178,0.3280070054651724,5.579161400004523
10,100,5,8,7,-5,4,7.003905437167567,-5.00215567839995,3.9983481228097166,0.31074754368744606,5.839841300010448
10,100,5,8,7,-5,4,7.004169761528799,-5.000770414460462,4.00045434973371,0.31074754368744606,5.83234990001074
10,100,5,8,7,-5,4,7.0016383553783275,-5.00143364425152,4.000797111235464,0.31074754368744606,5.894570600008592
10,100,5,8,7,-5,4,7.004630651889261,-4.828710430493214,4.001002663838097,0.3109006244372254,5.58709300000919
10,100,5,8,7,-5,4,7.005115136803658,-4.804409993474821,3.999482038059436,0.3108432191560581,5.581543300009798
10,100,5,8,7,-5,4,7.001258932571376,-0.8135204957736974,4.0003196353474095,0.3227580041805486,5.653267600020627
10,100,2,8,7,-6,2,7.0009746317894495,-5.999783127359024,1.999504024473722,0.25906826432086255,9.20285370000056
10,100,2,8,7,-6,2,7.00590857139188,-5.988163084105729,2.0241463990612822,0.2590603062123561,8.908765400003176
10,100,2,8,7,-6,2,7.0039297610022455,-5.990124383447101,2.032489199486464,0.2590603062123561,9.024980100017274
10,100,2,8,7,-6,2,7.004351909515368,-5.993934480923192,1.9919438067814157,0.2591597825686873,8.875637699995423
10,100,2,8,7,-6,2,7.005143457404665,-5.991003402201393,2.030289567559806,0.2590603062123561,9.005348100006813
10,100,2,8,7,-6,2,7.001973525152481,-5.990646276268383,2.0265493767827065,0.2590603062123561,8.920826099987607
10,100,2,8,9,3,5,9.00066073015122,3.0016817772649738,5.004181765070075,0.26437268148017756,8.858228500001132
10,100,2,8,9,3,5,9.004863149217494,3.0021855810701483,5.008026369483208,0.26437268148017756,8.691228000010597
10,100,2,8,9,3,5,9.002518898892044,3.0006898605436145,5.005660730741656,0.26437268148017756,8.814331900008256
10,100,2,8,9,3,5,9.004884268233223,3.002007930077429,5.00813034895931,0.26437268148017756,9.155002000014065
10,100,2,8,9,3,5,9.003939985753295,3.0010061985714422,5.008580860455336,0.26437268148017756,9.200970100006089
10,100,2,8,9,3,5,9.005243992882196,3.00574282103574,5.010171527062248,0.26437268148017756,9.331168800010346
10,100,2,8,-7,-3,5,-6.997091849550295,-2.96452462225196,5.039427434334598,0.2615828088826284,9.42228949998389
10,100,2,8,-7,-3,5,-6.996972572413745,-2.9643163139769033,5.043424399621817,0.2615828088826284,8.77640890001203
10,100,2,8,-7,-3,5,-6.994650868451085,-2.99345728884537,5.015256771774962,0.2616392513918274,9.004758900002344
10,100,2,8,-7,-3,5,0.3941219215014063,-2.9825314699819563,4.870792993726191,0.41612643067720945,8.672489000018686
10,100,2,8,-7,-3,5,-6.996880430539046,-2.971310121791703,5.036868586583467,0.2615828088826284,8.94710920000216
10,100,2,8,-7,-3,5,-6.994594017331136,-2.9528175235260656,5.053033133363099,0.2615828088826284,9.205353400000604
10,100,2,8,9,-8,-7,10.0,-7.973707420622654,-7.408516147419069,0.3024277306107124,9.02242630001274
10,100,2,8,9,-8,-7,9.002355503724953,-7.999307764807211,-6.999562082166387,0.25726257836071437,9.038780900009442
10,100,2,8,9,-8,-7,9.005926679038375,-7.999405818360833,-7.000123121809167,0.25726257836071437,9.15507060001255
10,100,2,8,9,-8,-7,9.018930176226386,-7.996663267258194,-7.014664746500565,0.2584003294970042,9.221244099986507
10,100,2,8,9,-8,-7,9.050739943867777,-7.997133691198135,-7.017124876642655,0.25907822303116984,8.963380200002575
10,100,2,8,9,-8,-7,9.00421686556663,-7.999236692898864,-6.9991401888313165,0.25726257836071437,9.196721000014804
10,100,2,8,-3,-7,0,-2.9985698780017205,-6.97880313393909,0.049434051137173675,0.25902228578990644,9.036505199997919
10,100,2,8,-3,-7,0,-2.995987719239888,-6.9990411315125804,-0.0017380509749616042,0.2588625286210102,8.805549200013047
10,100,2,8,-3,-7,0,-2.9966004144121468,-0.4907002631357679,-0.019873111532321207,0.349041456533711,8.821977899991907
10,100,2,8,-3,-7,0,-2.9960878541149287,-6.999826036012773,-0.00288472708426418,0.2588625286210102,8.797227599978214
10,100,2,8,-3,-7,0,-2.9963696717132917,-6.995601817246234,-0.011091984318014003,0.25897435863923757,8.948416500003077
10,100,2,8,-3,-7,0,-2.992850796462381,-6.998863199950108,-0.003975824974664289,0.2588625286210102,8.9091497999907
10,100,2,8,1,-1,-9,1.0027443196270376,-0.9982857313066608,-9.001644035499687,0.2624012252660135,8.906058900000062
10,100,2,8,1,-1,-9,1.0056205175940496,-0.9980272328436346,-9.007466249186626,0.26225608738521616,8.887755999981891
10,100,2,8,1,-1,-9,1.003871584187256,-0.997460789757726,-9.005668088833186,0.26225608738521616,8.742182700021658
10,100,2,8,1,-1,-9,1.004439482132639,-0.9978220533494102,-9.006347756277501,0.26225608738521616,8.644447099999525
10,100,2,8,1,-1,-9,1.0030423521835408,-0.9901031851911718,-9.014089230339735,0.2624818574220121,9.09887190000154
10,100,2,8,1,-1,-9,1.0074216553228401,-0.9926949071812913,-9.009444615468492,0.26231656150221505,8.946135999984108
10,100,2,8,-4,1,7,-3.9932344439946625,1.0017875178475142,7.009474051503746,0.26395984330948036,8.509396800014656
10,100,2,8,-4,1,7,-3.9942429966451747,1.005877888953003,7.010276618332566,0.26395984330948036,8.803269199997885
10,100,2,8,-4,1,7,-3.9921324919163887,1.0010122914742356,7.0079311672904145,0.26395984330948036,8.801696400012588
10,100,2,8,-4,1,7,-3.992978342637244,1.015529095662516,6.985064307850809,0.2639598433094804,8.548980599996867
10,100,2,8,-4,1,7,-3.992094192110715,1.0011066563985223,7.008339643268445,0.26395984330948036,8.923605000018142
10,100,2,8,-4,1,7,-3.994592919155582,1.0069505885330703,7.008519544794081,0.26395984330948036,9.115539300022647
10,100,2,8,9,0,-6,9.004180980646302,0.006472716571640685,-5.851394107040377,0.2638728227399637,9.049728699988918
10,100,2,8,9,0,-6,9.001518135997769,0.0031348174713003232,-5.8346068817459535,0.2638688062885841,8.89132399999653
10,100,2,8,9,0,-6,9.001130340347174,0.0052162339644408915,-5.995506288308674,0.2638206088720283,8.997417300008237
10,100,2,8,9,0,-6,9.001766228708783,0.01320796487850489,-5.846810523860463,0.2638728227399637,8.905856700002914
10,100,2,8,9,0,-6,9.002855486397571,0.029429823256305016,-5.891934880716252,0.26403749724652914,8.825611800013576
10,100,2,8,9,0,-6,9.000183774244498,0.014032077251830269,-5.85701375476005,0.2638728227399637,8.911665499996161
10,100,2,8,-4,3,8,-3.9922622197187185,3.0016515530768495,8.012762430824313,0.26590964555899577,8.684511200000998
10,100,2,8,-4,3,8,-3.9961015752023794,3.005312133602729,8.008352604607161,0.26590964555899577,8.708732799976133
10,100,2,8,-4,3,8,-3.9945384570557128,3.002243979882252,8.010621201480845,0.26590964555899577,8.533048899989808
10,100,2,8,-4,3,8,-3.9969237785009506,3.0190632720315684,8.136294975309031,0.26630850595733024,8.534259700012626
10,100,2,8,-4,3,8,-3.9978498388320114,2.9957232253516315,8.065434756545619,0.26592592557525435,8.800864599994384
10,100,2,8,-4,3,8,-3.997793449013834,3.0203034713304158,8.137239963477837,0.26630850595733024,8.574575099977665
10,100,8,8,4,3,9,4.0038282672770045,2.916180609534858,8.951546743736804,0.2602876209052259,8.775195800000802
10,100,8,8,4,3,9,4.001564138145556,2.920872856138905,8.954337748363084,0.2602876209052259,9.072643499996047
10,100,8,8,4,3,9,4.004810033894316,2.9189028132435495,8.94639949027451,0.2602876209052259,8.847064300003694
10,100,8,8,4,3,9,4.0040610666929775,2.922121856156,8.954467953711806,0.2602876209052259,8.859500200022012
10,100,8,8,4,3,9,4.002403703816103,2.91753443080978,8.949866154638293,0.2602876209052259,8.881422900012694
10,100,8,8,4,3,9,4.003584053570939,2.9224017405160216,8.9514853552586,0.2602876209052259,8.8438834999979
10,100,8,8,2,-2,-9,2.0018958681668546,-1.9945959416846213,-9.002545262802856,0.2654995464014267,8.796204899990698
10,100,8,8,2,-2,-9,2.002522374511678,-1.9938000398001534,-9.003057151398918,0.2654995464014267,8.656400700012455
10,100,8,8,2,-2,-9,2.0020260860878967,-1.9962389168480152,-9.003038733828763,0.2654995464014267,8.536244599992642
10,100,8,8,2,-2,-9,2.0000472150716444,-1.994212254854094,-9.000071009173121,0.2654995464014267,8.669820800016169
10,100,8,8,2,-2,-9,2.000688657548911,-1.9965946169142397,-9.003428770590187,0.2654995464014267,8.653516999998828
10,100,8,8,2,-2,-9,2.0010217275677658,-1.9961450238583116,-9.001148166483386,0.2654995464014267,8.653158900007838
10,100,8,8,-7,-6,2,-6.996895641314883,-5.99713788549205,1.9937264016056966,0.26738110435786094,8.55185810002149
10,100,8,8,-7,-6,2,-6.999873538643348,-5.997351972935992,2.004924246395214,0.26733599058919866,8.311708199995337
10,100,8,8,-7,-6,2,-6.995818903187079,-5.998599574199382,1.992086977371175,0.26738110435786094,8.325572400004603
10,100,8,8,-7,-6,2,-6.99634016260712,-6.006472892790696,1.9960275171810713,0.2674631293917924,8.613806999986991
10,100,8,8,-7,-6,2,-6.994608807912661,-5.997043877716187,1.9923503864248713,0.26738110435786094,8.412697799998568
10,100,8,8,-7,-6,2,-6.995820225572117,-5.998751839635467,1.9951737316592741,0.26738110435786094,8.32414099999005
10,100,8,8,-5,9,6,-4.996685310217198,9.005024113999758,6.005689241053185,0.25737897019952005,10.071279600000707
10,100,8,8,-5,9,6,-4.996523041445757,3.441508688734256,6.021490331164161,0.34882478587423765,8.858437099988805
10,100,8,8,-5,9,6,-4.998334565598869,9.001692945395872,5.994448550035605,0.2574307944117251,11.138358099997276
10,100,8,8,-5,9,6,-4.9975666886113785,9.000491623339627,6.039002891653224,0.25801680665742827,11.038465700024972
10,100,8,8,-5,9,6,-4.995735043712795,9.004950441045333,6.006466112035776,0.25737897019952005,9.576571400015382
10,100,8,8,-5,9,6,-4.997342282949316,9.00442107161775,5.993629895650151,0.2574307944117251,10.527300599991577
10,100,8,8,0,9,-8,0.00042454964402693836,9.003805928828259,-8.042793112715955,0.25790638047891234,10.581337099982193
10,100,8,8,0,9,-8,0.0064827044696064845,8.93282460772882,-7.98303432566427,0.25818889333089334,9.448963800008642
10,100,8,8,0,9,-8,0.0024900124394910414,0.00487161273242851,-8.017617265012527,0.3489670370646305,9.477148099977057
10,100,8,8,0,9,-8,0.0075368654436612295,9.004926487626161,-7.991271009358002,0.25778700885131467,9.157647600019118
10,100,8,8,0,9,-8,0.0037741811086672546,9.004197176686908,-8.170171502704694,0.2582883696872248,9.10707729999558
10,100,8,8,0,9,-8,0.006786019698296459,0.912065225847377,-8.025700911287862,0.3500374026587558,8.977682700002333
10,100,8,8,-5,-6,1,-4.995766370745578,-5.993428881740778,0.9450411576174198,0.26866588037852546,8.395096899999771
10,100,8,8,-5,-6,1,4.38136489338962,-5.995939533754404,0.9765109238520155,0.425835870673401,9.801213600003393
10,100,8,8,-5,-6,1,-4.998508699146985,-5.993769946527526,0.9866870285713791,0.2687723086457321,10.54429760001949
10,100,8,8,-5,-6,1,-4.9982437831258695,-5.993614593475716,0.947904945137682,0.26866588037852546,10.183370100014145
10,100,8,8,-5,-6,1,-4.997717792922952,-5.996169388117318,0.8092156917849737,0.26880505580487263,8.687763800000539
10,100,8,8,-5,-6,1,-4.994670340546573,-5.996440682090249,0.8116980960913379,0.26858401248067415,11.670157499989728
10,100,8,8,-3,0,0,-2.998273193181257,0.0015180808841563107,-0.0007509690202816481,0.2637715290506751,11.317349099990679
10,100,8,8,-3,0,0,-2.993458757987835,0.0009871519732109878,-0.002716473654131242,0.26369868522792683,10.379253200022504
10,100,8,8,-3,0,0,-2.996864881554014,0.006310166587005098,0.0035714965435729874,0.2637715290506751,11.529147799999919
10,100,8,8,-3,0,0,-2.9935898269461236,0.0008263429442774585,-0.0011401647530741178,0.26369868522792683,10.10149940001429
10,100,8,8,-3,0,0,-2.992320462746144,0.001629585701438205,-0.0024553953376445963,0.26369868522792683,9.175031999999192
10,100,8,8,-3,0,0,-2.9938294995681543,-0.038403937634721226,-0.07400986067480245,0.2642328732614144,10.44507259997772
10,100,8,8,-4,-8,-4,-3.9945038271862825,-7.996094608500503,-4.002277814674477,0.2694768439748081,9.319853399996646
10,100,8,8,-4,-8,-4,-3.9958033717256134,-7.993057567774492,-4.005232656253289,0.2694768439748081,9.728366000024835
10,100,8,8,-4,-8,-4,-3.9977817158001323,-7.997785808094447,-3.9996187331462574,0.2694768439748081,10.324947800021619
10,100,8,8,-4,-8,-4,-3.9960814427222675,-7.995130684734324,-4.001980697457094,0.2694768439748081,10.96192499998142
10,100,8,8,-4,-8,-4,-3.9942594662622444,-7.991944173799007,-4.005794268141884,0.2694768439748081,8.697788199991919
10,100,8,8,-4,-8,-4,-3.9941470117164495,-7.997003826122759,-4.002523557419048,0.2694768439748081,9.00890879999497
10,100,8,8,-2,5,5,-1.999935833029876,5.005484792024779,4.997471838252797,0.259954137665267,9.076421499979915
10,100,8,8,-2,5,5,-1.993251482619888,5.004208337369222,5.015140742977256,0.26015859237227035,9.025631299999077
10,100,8,8,-2,5,5,-1.9923645513787998,5.00619372351541,4.977133502008637,0.25997418224438495,9.01328569999896
10,100,8,8,-2,5,5,-1.993357844909232,5.000010855036612,4.978576424459949,0.2598619326013243,9.236238400015282
10,100,8,8,-2,5,5,-1.9983287907049072,4.987567257855573,4.985406432189922,0.2600463427292097,9.128147600014927
10,100,8,8,-2,5,5,-1.9926295659082605,5.003849476138418,4.978463166085346,0.25997418224438495,8.875950599991484
