Npart	Niter	posx	posy	Ix	Iy	Itheta	Ox	Oy	Otheta	f	t										
10	100	2	2	9	-4	1	9,004491579	-3,990724775	0,959737437	0,258942106	9,8374452										
10	100	2	2	9	-4	1	9,003661129	-3,980408955	1,004903398	0,258954201	9,4432755										
10	100	2	2	9	-4	1	9,003856489	-3,990746031	0,963132957	0,258946137	9,2812142										
10	100	2	2	9	-4	1	9,002229934	-3,992395482	0,966346653	0,258946137	10,2968561										
10	100	2	2	9	-4	1	9,001758558	-3,999011441	0,972465097	0,258946137	11,8831234										
10	100	2	2	9	-4	1	9,004659309	-3,99049341	0,959986882	0,258942106	9,6295866										
10	100	2	2	-13	-21	-7	-12,99750206	-20,99983264	-7,003420083	0,285661888	9,9733829										
10	100	2	2	-13	-21	-7	-12,99170687	-21,00432547	-7,017700682	0,285695538	10,0007203										
10	100	2	2	-13	-21	-7	-12,99976333	-14,33202946	-7,004621219	0,374439733	9,9094605										
10	100	2	2	-13	-21	-7	-12,9948727	-20,99865657	-6,981533931	0,286075779	9,8619622										
10	100	2	2	-13	-21	-7	-12,99745949	-20,99990009	-7,003234329	0,285661888	10,1308102										
10	100	2	2	-13	-21	-7	-12,99222607	-21,0035075	-7,017750274	0,285695538	10,4322623										
10	100	2	2	-21	18	-18	-20,9978412	18,00274984	-17,99588722	0,309317943	8,8513113										
10	100	2	2	-21	18	-18	-20,99753965	18,02601343	-18,01899201	0,309438623	9,0149617										
10	100	2	2	-21	18	-18	-20,99928336	18,01629865	-17,99839933	0,309023341	8,9022311										
10	100	2	2	-21	18	-18	-13,64422433	18,03399014	-18,07233102	0,445885509	9,1360436										
10	100	2	2	-21	18	-18	-20,99769012	18,02266853	-18,01211902	0,309438623	9,0165812										
10	100	2	2	-21	18	-18	-20,99978316	12,3113083	-17,99584205	0,359612195	9,0959101										
10	100	2	2	-11	-29	-10	-10,99531772	-16,58924954	-10,05781815	0,403688183	10,3596245										
10	100	2	2	-11	-29	-10	-10,81105367	-30	-10,52169897	0,343789838	10,0163884										
10	100	2	2	-11	-29	-10	-10,99377064	-15,04850585	-10,09391716	0,403979181	10,1145679										
10	100	2	2	-11	-29	-10	-10,99152337	-28,99703102	-10,03991713	0,319648142	10,2957078										
10	100	2	2	-11	-29	-10	-10,8118886	-30	-10,51772936	0,343789838	11,0316313										
10	100	2	2	-11	-29	-10	-10,99537463	-16,54528316	-10,12700638	0,403768554	10,8876976										
10	100	2	2	26	8	-25	26,19459458	8,000222258	-25,01937853	0,319697873	9,4817886										
10	100	2	2	26	8	-25	26,00226953	8,02446368	-25,04616015	0,324042027	9,5474084										
10	100	2	2	26	8	-25	26,20510646	7,997817964	-25,00386305	0,31977738	9,0814367										
10	100	2	2	26	8	-25	26,00267508	7,99474014	-25,00865645	0,323942788	9,1106659										
10	100	2	2	26	8	-25	8,245332176	8,002558341	-25,01847849	0,446995295	8,8741519										
10	100	2	2	26	8	-25	26,15857417	8,287486863	-25,45529728	0,322311667	8,9396633										
10	100	2	2	-2	-2	-17	-1,993814689	-1,998826406	-16,98774973	0,262844657	9,5517597										
10	100	2	2	-2	-2	-17	-2,002333301	-1,999881584	-17,00038781	0,262776248	9,5154696										
10	100	2	2	-2	-2	-17	-1,993744995	-1,98116655	-16,98674525	0,263090122	9,8408216										
10	100	2	2	-2	-2	-17	-1,999712926	-1,999139425	-16,99938927	0,262233006	9,448691										
10	100	2	2	-2	-2	-17	-1,995913733	-2,00688796	-16,99217073	0,262792344	10,1515379										
10	100	2	2	-2	-2	-17	-1,997974067	-1,997125755	-16,99252346	0,262844657	10,2219858										
10	100	2	2	16	-11	24	16,00320272	-10,99837351	23,98035073	0,273356911	9,8434469										
10	100	2	2	16	-11	24	16,00394329	-10,99987422	23,97652557	0,273261125	10,3872355										
10	100	2	2	16	-11	24	16,0048889	-10,98281928	23,96221472	0,273496905	9,678809										
10	100	2	2	16	-11	24	16,00163056	-10,99628555	23,97367502	0,273449012	10,4189247										
10	100	2	2	16	-11	24	16,00467189	-10,99987822	23,97636811	0,273261125	10,4978911										
10	100	2	2	16	-11	24	16,00433932	-10,96999447	23,94995639	0,273530062	9,6538027										
10	100	2	2	-20	4	-5	-19,99794668	4,036425878	-5,008562857	0,296570857	9,3853388										
10	100	2	2	-20	4	-5	-19,99974213	4,013967151	-4,998720759	0,296298593	9,732326										
10	100	2	2	-20	4	-5	-19,99953536	4,011140483	-5,065213077	0,296922387	10,8159922										
10	100	2	2	-20	4	-5	-19,99969786	4,036238948	-5,004157212	0,296570857	9,6800212										
10	100	2	2	-20	4	-5	-19,99981091	4,008002245	-4,997904965	0,296298593	9,5839651										
10	100	2	2	-20	4	-5	-19,99993138	4,000798003	-4,999049795	0,296191756	9,6208035										
10	100	2	2	-21	5	26	-20,99919346	5,043136563	25,99593241	0,296195202	9,6434251										
10	100	2	2	-21	5	26	-20,99599746	5,017530511	26,01330108	0,296395092	9,6096211										
10	100	2	2	-21	5	26	-20,99932313	5,049856481	25,9960605	0,296195202	9,7794215										
10	100	2	2	-21	5	26	-20,9992308	5,043721867	25,99548002	0,296195202	9,6863641										
10	100	2	2	-21	5	26	-20,99995781	5,040880613	25,99909088	0,296195202	9,5734566										
10	100	2	2	-21	5	26	-20,97136306	5,019686689	26,04045145	0,297615108	9,8657936										
10	100	5	2	-19	12	-23	-18,99502567	12,14624502	-22,98318201	0,327189016	6,4674325										
10	100	5	2	-19	12	-23	-18,99908965	12,15084868	-22,99068443	0,327189016	5,9222405										
10	100	5	2	-19	12	-23	-18,99798581	3,273712594	-22,97368124	0,329449504	5,9070963										
10	100	5	2	-19	12	-23	-18,9990864	12,16316701	-23,0123261	0,327316445	5,9683837										
10	100	5	2	-19	12	-23	-18,99509273	4,896001899	-23,01249422	0,329554772	6,0655976										
10	100	5	2	-19	12	-23	-18,99813202	0,567906602	-23,02274199	0,33060191	5,9924985										
10	100	5	2	-10	-2	14	-9,937350649	-2,073070417	13,9385675	0,307327652	6,1883797										
10	100	5	2	-10	-2	14	-9,970967329	-2,15635473	13,88477303	0,306783868	7,0012146										
10	100	5	2	-10	-2	14	-9,973417092	-2,149601655	13,88712898	0,306783868	5,8582852										
10	100	5	2	-10	-2	14	-9,963180597	-2,148243459	13,8894724	0,306783868	5,8773253										
10	100	5	2	-10	-2	14	-9,974279427	-2,143962904	13,88618189	0,306783868	5,8511381										
10	100	5	2	-10	-2	14	-9,974868508	-2,138888183	13,88120512	0,306783868	5,8836835										
10	100	5	2	-16	15	3	-15,99433769	6,474033232	2,986197003	0,323281765	5,7866581										
10	100	5	2	-16	15	3	-15,99661046	7,065445597	3,032908848	0,323228172	5,8073303										
10	100	5	2	-16	15	3	-15,98852693	7,067292938	3,016675427	0,323049531	5,7972598										
10	100	5	2	-16	15	3	-15,99169992	8,726510598	3,017643356	0,32360332	6,249105										
10	100	5	2	-16	15	3	-15,99904644	1,125666008	2,969759064	0,324955041	6,4637701										
10	100	5	2	-16	15	3	-15,99824386	7,670914717	3,001872105	0,323204353	5,8465756										
10	100	5	2	-27	10	-28	-26,9992416	5,572825422	-27,99647014	0,33696646	5,8516801										
10	100	5	2	-27	10	-28	-26,99421952	7,894159786	-27,98630085	0,337350686	5,8012315										
10	100	5	2	-27	10	-28	-26,99761108	1,848963724	-28,02818748	0,336908096	6,4453031										
10	100	5	2	-27	10	-28	-26,99747331	3,123886905	-27,96473392	0,337224232	5,9271034										
10	100	5	2	-27	10	-28	-27,0031355	1,840054851	-28,00208256	0,336893505	6,2907802										
10	100	5	2	-27	10	-28	-26,9972302	1,825512254	-27,98182276	0,336733006	6,3680947										
10	100	5	2	-13	-3	-9	-12,99765988	-3,246004001	-8,977236516	0,303354248	6,1853584										
10	100	5	2	-13	-3	-9	-12,99735653	-3,12604482	-9,012239723	0,302766803	6,6114606										
10	100	5	2	-13	-3	-9	-12,99599045	-3,497982112	-8,995521375	0,304561416	6,5038441										
10	100	5	2	-13	-3	-9	-12,9940231	-3,14227324	-9,021490256	0,302766803	6,4612225										
10	100	5	2	-13	-3	-9	-12,99339333	-3,134543112	-9,010082609	0,302766803	6,4275747										
10	100	5	2	-13	-3	-9	-12,99785316	-3,132914203	-9,010272839	0,302766803	6,1334854										
10	100	5	2	10	25	15	10,00654529	24,86093835	15,0082706	0,314160962	6,3453727										
10	100	5	2	10	25	15	10,00404643	5,99710445	15,06399453	0,326634887	5,9977712										
10	100	5	2	10	25	15	10,00869616	2,352892928	15,05032345	0,328449699	6,168953										
10	100	5	2	10	25	15	10,01234977	5,680683831	15,02327079	0,326891921	6,0042024										
10	100	5	2	10	25	15	10,00028772	5,950935562	15,00041677	0,326089665	6,3073714										
10	100	5	2	10	25	15	10,00357216	24,71688744	15,06297245	0,314640862	5,9154705										
10	100	5	2	-8	6	-2	-7,999367863	5,939559191	-1,998843635	0,310419393	6,2096372										
10	100	5	2	-8	6	-2	-7,999603622	5,953365999	-1,99892415	0,310419393	6,1411548										
10	100	5	2	-8	6	-2	-7,998202355	5,981397932	-2,01609503	0,31069531	6,1275489										
10	100	5	2	-8	6	-2	-7,997312208	6,229721219	-1,972307572	0,310470726	6,2748326										
10	100	5	2	-8	6	-2	-7,996912363	5,98272138	-2,018914863	0,31069531	6,1355983										
10	100	5	2	-8	6	-2	-7,997818359	6,24045955	-1,983623572	0,310874977	6,0850607										
10	100	5	2	-25	-24	-7	-25,10823865	-13,73574826	-7,084892376	0,341153693	6,4011051										
10	100	5	2	-25	-24	-7	-25,1088512	-4,744061226	-7,048449619	0,339325363	6,660604										
10	100	5	2	-25	-24	-7	-25,12355669	-0,827929373	-6,87982882	0,339112449	6,6948626										
10	100	5	2	-25	-24	-7	-25,11539083	-3,189058304	-7,007391053	0,339447029	6,2895085										
10	100	5	2	-25	-24	-7	0,251578707	11,79346402	21,76688198	0,492545195	6,7479007										
10	100	5	2	-25	-24	-7	-25,1293731	-1,762929154	-7,039452252	0,339812026	6,2408872										
10	100	5	2	10	21	14	10,01209859	8,366307957	14,01768225	0,325448613	6,3810415										
10	100	5	2	10	21	14	10,00690304	20,54875051	14,031502	0,310919647	6,1690345										
10	100	5	2	10	21	14	10,00515321	-0,299001775	13,99661923	0,330855278	5,9413161										
10	100	5	2	10	21	14	10,00978075	8,346493697	14,02958776	0,325448613	6,601795										
10	100	5	2	10	21	14	10,04328679	20,47328484	14,10219997	0,31148155	6,1330297										
10	100	5	2	10	21	14	10,0068103	20,54118143	14,07140725	0,311380096	6,5121584										
10	100	8	2	26	-29	19	25,91136854	-29,11337278	19,21076442	0,352102772	6,7653025										
10	100	8	2	26	-29	19	26,50833914	-13,6087022	18,60776583	0,389587261	6,7967203										
10	100	8	2	26	-29	19	26,01098224	-13,21575144	19,01011706	0,389657974	6,7541188										
10	100	8	2	26	-29	19	25,96153867	-14,20157771	19,05354571	0,388146048	6,7684006										
10	100	8	2	26	-29	19	5,353987745	29,99998651	-20,96230707	0,488128204	6,6432686										
10	100	8	2	26	-29	19	7,544063446	-30	20,44367812	0,464855327	6,7633602										
10	100	8	2	-1	24	1	-0,999596336	23,99945782	1,003194257	0,297427703	9,5389207										
10	100	8	2	-1	24	1	-0,998595547	24,01348362	1,004898506	0,297547462	9,6067059										
10	100	8	2	-1	24	1	-0,99353554	24,01265677	1,047422089	0,297648312	9,6476173										
10	100	8	2	-1	24	1	-0,996244904	23,99009885	1,055328734	0,297859466	10,3584676										
10	100	8	2	-1	24	1	-0,99732739	23,9994174	1,005151795	0,297427703	9,6100119										
10	100	8	2	-1	24	1	-0,993857024	23,99959322	1,008277873	0,297550613	9,697932										
10	100	8	2	1	9	-9	1,00308011	8,957209584	-8,893591068	0,257622145	9,4698604										
10	100	8	2	1	9	-9	1,00026825	9,003969325	-9,004557345	0,256792958	9,5821805										
10	100	8	2	1	9	-9	1,00503011	9,005173744	-9,010514555	0,256792958	9,3267024										
10	100	8	2	1	9	-9	1,004558334	9,004826239	-9,051299072	0,256912552	9,4148993										
10	100	8	2	1	9	-9	1,003841972	9,00568248	-9,010137368	0,256792958	9,5656809										
10	100	8	2	1	9	-9	1,005721548	9,003934817	-9,008520137	0,256792958	9,4837315										
10	100	8	2	0	3	-11	0,002215515	3,003254422	-10,81777933	0,261022415	9,4309701										
10	100	8	2	0	3	-11	0,001997915	2,929103627	-10,94826285	0,261554588	9,3979559										
10	100	8	2	0	3	-11	0,00436999	2,90538188	-10,97294877	0,261558619	9,4771602										
10	100	8	2	0	3	-11	0,005706356	2,907771088	-10,97184784	0,261558619	10,1445632										
10	100	8	2	0	3	-11	0,000976146	3,003923301	-10,86642892	0,261228027	9,4612857										
10	100	8	2	0	3	-11	0,005214335	3,002803374	-10,82338697	0,261143364	9,7751507										
10	100	8	2	18	-28	-23	18,01060037	-16,1908118	-23,0105739	0,367294053	9,108871										
10	100	8	2	18	-28	-23	18,05106804	-17,1564194	-22,95709477	0,367864405	8,1964627										
10	100	8	2	18	-28	-23	18,04349246	-14,60992214	-22,95389015	0,367277521	8,1460852										
10	100	8	2	18	-28	-23	18,0132026	-14,7218802	-22,85948938	0,36720726	7,658138										
10	100	8	2	18	-28	-23	18,04553989	-16,1957806	-23,0384311	0,367546165	8,2810672										
10	100	8	2	18	-28	-23	18,02789339	-14,61261694	-22,95466431	0,367277521	8,2057371										
10	100	8	2	-8	-22	-26	-7,997426766	-21,99575636	-25,99533929	0,286585571	9,4887827										
10	100	8	2	-8	-22	-26	-7,996539427	-21,98942882	-25,99326603	0,286585571	9,665777										
10	100	8	2	-8	-22	-26	-7,99506517	-21,98634961	-25,88843862	0,287544585	9,3043808										
10	100	8	2	-8	-22	-26	-7,997874351	-21,99685544	-25,99680516	0,286585571	8,9585174										
10	100	8	2	-8	-22	-26	-7,99984058	-13,84707038	-26,00154358	0,349497234	9,3584845										
10	100	8	2	-8	-22	-26	-7,998895767	-21,99653134	-25,99979701	0,286274311	8,9042887										
10	100	8	2	11	-24	10	11,00384212	-23,99809576	10,00200331	0,291530691	8,4666474										
10	100	8	2	11	-24	10	11,00358999	-23,98899385	10,00521036	0,291530691	9,2617329										
10	100	8	2	11	-24	10	11,00119684	-23,99196182	10,00430176	0,291530691	8,4229986										
10	100	8	2	11	-24	10	11,00737218	-23,99714862	9,999022344	0,292048692	8,3233457										
10	100	8	2	11	-24	10	11,00257726	-16,2655167	10,05825333	0,35414832	8,1995957										
10	100	8	2	11	-24	10	11,0008961	-23,99068432	10,00396516	0,291530691	8,4515757										
10	100	8	2	25	16	-16	25,10604504	15,92288408	-15,77498468	0,305889423	10,3656461										
10	100	8	2	25	16	-16	25,09532186	16,12153322	-16,11369154	0,307625534	10,2734255										
10	100	8	2	25	16	-16	25,09818503	16,14621166	-16,07475198	0,307822675	10,5221428										
10	100	8	2	25	16	-16	25,09352844	16,00140961	-15,61956568	0,305466524	9,9356774										
10	100	8	2	25	16	-16	25,09963209	15,97092918	-15,58444689	0,30601661	10,4984615										
10	100	8	2	25	16	-16	12,32855632	16,00291629	-16,05507525	0,425623855	9,9783368										
10	100	8	2	-3	-12	-10	-2,999140878	-11,99766453	-10,00171157	0,274828399	9,0007222										
10	100	8	2	-3	-12	-10	-2,998171912	-11,9955402	-9,977422623	0,274873775	9,738459										
10	100	8	2	-3	-12	-10	-2,994422708	-11,9933022	-9,985489363	0,274873775	8,8974519										
10	100	8	2	-3	-12	-10	-2,995175312	-11,99924814	-9,979234972	0,274873775	9,6642155										
10	100	8	2	-3	-12	-10	-2,997666594	-11,99362297	-9,989666828	0,274873775	9,6294222										
10	100	8	2	-3	-12	-10	-2,994493296	-11,99477779	-9,978743449	0,274873775	9,9643243										
10	100	5	5	8	3	-13	7,493757847	3,001673188	-13,03289086	0,23104527	3,7419479										
10	100	5	5	8	3	-13	7,539344492	3,001586174	-12,99191121	0,231198625	3,8086177										
10	100	5	5	8	3	-13	8,439134135	3,006831606	-12,99486591	0,231004375	3,7245077										
10	100	5	5	8	3	-13	8,4669356	3,001052411	-13,02456583	0,231106612	3,7920058										
10	100	5	5	8	3	-13	8,457488016	3,003784296	-13,00973717	0,231106612	3,7373305										
10	100	5	5	8	3	-13	8,415010137	3,000481865	-12,96111234	0,231004375	3,7671969										
10	100	5	5	-23	4	-13	-21,41714399	4,344814978	-12,27251245	0,241551732	3,3539732										
10	100	5	5	-23	4	-13	-22,97092179	4,00131447	-12,97800683	0,247453163	3,4216901										
10	100	5	5	-23	4	-13	-22,95710679	4,003115018	-12,99499914	0,247453163	3,3743995										
10	100	5	5	-23	4	-13	-22,63139214	4,347257545	-12,11085646	0,239418929	3,4146632										
10	100	5	5	-23	4	-13	-22,79913739	4,003432774	-12,95958027	0,247917205	3,4142222										
10	100	5	5	-23	4	-13	-22,59187605	4,336778397	-12,15216159	0,239928432	3,4200769										
10	100	5	5	-1	-19	-26	-0,986416641	-18,99510613	-25,9826653	0,253730355	4,278988										
10	100	5	5	-1	-19	-26	-0,983476456	-18,99797369	-25,97488609	0,253730355	4,2530386										
10	100	5	5	-1	-19	-26	-0,994846195	-18,99595979	-25,99463791	0,253730355	4,2122637										
10	100	5	5	-1	-19	-26	-1,181463388	-18,99921175	-25,96977148	0,253680727	4,2878164										
10	100	5	5	-1	-19	-26	-0,986003555	-18,99624296	-25,9785068	0,253730355	4,1960246										
10	100	5	5	-1	-19	-26	-0,985263868	-18,99530576	-25,97835725	0,253730355	4,2932526										
10	100	5	8	6	5	-12	6,004979161	5,071182307	-11,99807783	0,311800467	6,0940491										
10	100	5	8	6	5	-12	6,003505851	5,052758992	-12,0006396	0,312137515	5,9662423										
10	100	5	8	6	5	-12	6,005250651	5,071767206	-11,99717683	0,311800467	5,9904106										
10	100	5	8	6	5	-12	6,006725933	5,070927483	-11,99867707	0,311800467	6,0421544										
10	100	5	8	6	5	-12	6,003480371	5,070738314	-11,99884161	0,311800467	5,9310672										
10	100	5	8	6	5	-12	6,004079702	5,07101424	-11,99787911	0,311800467	5,9368403										
10	100	5	8	6	-23	23	6,003408041	-23,11179509	22,99833831	0,328604101	5,8109336										
10	100	5	8	6	-23	23	6,000996539	-6,569555716	23,02465831	0,327859911	5,9196488										
10	100	5	8	6	-23	23	6,002376065	-1,677687215	23,04467517	0,32778291	5,8054567										
10	100	5	8	6	-23	23	6,005224303	-1,520059877	22,99734984	0,327468493	5,8748986										
10	100	5	8	6	-23	23	6,00241722	-1,514755603	23,00281412	0,32764816	5,8407263										
10	100	5	8	6	-23	23	6,003716445	-5,80823689	23,01410353	0,328058827	5,912734										
10	100	5	8	-10	-4	-9	-9,999297314	-4,106968121	-9,000624026	0,298392055	5,8605075										
10	100	5	8	-10	-4	-9	-9,996193351	-4,012989496	-9,008559531	0,298461231	6,2021819										
10	100	5	8	-10	-4	-9	-9,996633872	-4,11135442	-9,003633647	0,298392055	5,9073936										
10	100	5	8	-10	-4	-9	-9,997249053	-4,071335109	-8,962751185	0,298691815	5,9741745										
10	100	5	8	-10	-4	-9	-9,997154927	-4,011707092	-9,004296208	0,298461231	5,81986										
10	100	5	8	-10	-4	-9	-9,972210484	-3,977294603	-9,09054221	0,30144346	5,9216949										
10	100	5	8	8	20	-22	8,005414903	7,698484595	-22,01350766	0,324185968	6,0173852										
10	100	5	8	8	20	-22	8,004492372	5,179133884	-21,9980458	0,323482324	6,4637134										
10	100	5	8	8	20	-22	8,005509181	4,087491035	-22,00320532	0,323869651	5,9079733										
10	100	5	8	8	20	-22	8,005880443	4,093323674	-21,99795962	0,323869651	6,4900215										
10	100	5	8	8	20	-22	8,003273275	5,253026967	-21,99803271	0,323843829	6,3237845										
10	100	5	8	8	20	-22	8,004421636	4,079552891	-22,00031239	0,323869651	5,938383										
10	100	5	8	6	12	0	6,003481316	12,06137206	0,000214577	0,316296721	6,1388182										
10	100	5	8	6	12	0	6,006464015	2,464606066	-0,001437714	0,325398647	6,1203484										
10	100	5	8	6	12	0	6,002915226	12,06497979	-0,004807613	0,316226559	6,4693582										
10	100	5	8	6	12	0	6,006507608	2,50772791	0,00165523	0,325149891	6,1087608										
10	100	5	8	6	12	0	6,002454248	12,06499993	-0,004500131	0,316226559	6,0499928										
10	100	5	8	6	12	0	6,000298438	12,06531496	-0,00330199	0,316226559	6,2309431										
10	100	5	8	25	-5	-1	25,09789132	-4,785125962	-1,034487908	0,33125363	6,3172128										
10	100	5	8	25	-5	-1	25,12141394	1,812938638	-0,945938816	0,334775122	5,9264783										
10	100	5	8	25	-5	-1	25,12220831	-4,833901836	-1,072014242	0,332073064	6,2472595										
10	100	5	8	25	-5	-1	25,09900004	-4,786876426	-1,035602545	0,33125363	6,0114027										
10	100	5	8	25	-5	-1	25,10955905	-4,236954641	-1,048276125	0,332342751	5,887862										
10	100	5	8	25	-5	-1	25,13278445	-4,778300488	-1,024635838	0,332031573	5,8793916										
10	100	5	8	12	-14	-16	12,00325226	-6,718506358	-16,00259303	0,314628731	5,9754149										
10	100	5	8	12	-14	-16	12,00218291	-6,737740768	-15,98801024	0,314840481	6,5703534										
10	100	5	8	12	-14	-16	12,00399408	-6,734222575	-15,99933134	0,314628731	5,9716624										
10	100	5	8	12	-14	-16	12,00286657	-6,725119798	-15,99819305	0,314628731	6,2371364										
10	100	5	8	12	-14	-16	12,00498528	-6,729181518	-15,99609662	0,314628731	5,9624899										
10	100	5	8	12	-14	-16	12,00457279	-6,761687341	-15,97644914	0,314577397	6,0269298										
10	100	5	8	-14	2	0	-13,99418016	1,947908682	0,02405203	0,305117444	6,3927662										
10	100	5	8	-14	2	0	-13,99981994	1,989891064	-0,008483225	0,304763881	6,2693934										
10	100	5	8	-14	2	0	-13,99245398	1,925170469	0,018309528	0,305117444	6,0791986										
10	100	5	8	-14	2	0	-13,99354615	1,98987142	-0,008793396	0,304763881	6,5486736										
10	100	5	8	-14	2	0	-13,99282377	1,932139252	0,018134806	0,305117444	6,0238049										
10	100	5	8	-14	2	0	-13,9915323	1,989335129	-0,009504867	0,304763881	6,6008538										
10	100	5	8	6	-12	-4	5,986262485	-12,08346617	-3,987571424	0,316787855	6,3988126										
10	100	5	8	6	-12	-4	6,005720222	-2,512325355	-3,999498045	0,325220053	6,1526002										
10	100	5	8	6	-12	-4	6,000585014	-2,482181932	-3,965255279	0,325723944	6,3157284										
10	100	5	8	6	-12	-4	6,003996274	-5,633047827	-4,043323575	0,325845133	6,1556813										
10	100	5	8	6	-12	-4	6,003675425	-12,09153833	-3,971779932	0,316787855	6,3407278										
10	100	5	8	6	-12	-4	5,989767705	-12,05958594	-4,00059834	0,316775098	6,1505892										
10	100	2	8	8	4	-4	8,000512805	4,05775676	-3,998726219	0,26607825	9,0420142										
10	100	2	8	8	4	-4	8,005071938	4,008356289	-3,985974147	0,265803062	9,0584496										
10	100	2	8	8	4	-4	8,006170646	4,003025853	-3,991201299	0,265871859	9,0935358										
10	100	2	8	8	4	-4	8,003596674	4,001398971	-3,995098857	0,265871859	9,5529581										
10	100	2	8	8	4	-4	8,005763833	4,003092797	-3,990025883	0,265871859	9,0883973										
10	100	2	8	8	4	-4	8,00570908	4,00875113	-3,985669798	0,265803062	9,1879239										
10	100	2	8	19	2	-11	19,00322059	2,000376279	-10,99079962	0,294995399	9,3184522										
10	100	2	8	19	2	-11	19,00270076	2,000890211	-10,9917618	0,294995399	9,4790471										
10	100	2	8	19	2	-11	19,00058848	2,000999154	-10,99337805	0,294995399	9,3092888										
10	100	2	8	19	2	-11	19,00188509	2,000193834	-10,99127132	0,294995399	9,3544579										
10	100	2	8	19	2	-11	19,00159473	2,000543852	-10,99219634	0,294995399	9,2486508										
10	100	2	8	19	2	-11	19,00001279	2,001096181	-10,99412058	0,294995399	9,2763093										
10	100	2	8	14	-28	7	13,99016543	-27,99881016	7,101665879	0,310809463	9,8657268										
10	100	2	8	14	-28	7	14,00044282	-17,0822743	7,127397721	0,396389025	9,9062081										
10	100	2	8	14	-28	7	13,98884544	-27,99555791	7,100970283	0,310897435	9,8733246										
10	100	2	8	14	-28	7	14,00270428	-15,56921159	6,991134043	0,396160297	9,9900938										
10	100	2	8	14	-28	7	14,00320134	-21,55792679	7,116535116	0,396113378	9,8629378										
10	100	2	8	14	-28	7	14,04858789	-27,99210444	6,964606251	0,311240528	9,9191345										
10	100	2	8	-19	8	-17	-18,99772434	8,000538785	-17,00640144	0,301766444	9,6236847										
10	100	2	8	-19	8	-17	-18,99112817	8,000872314	-17,00317401	0,301766444	8,9269346										
10	100	2	8	-19	8	-17	-18,99432458	8,001081201	-17,00198095	0,301706337	9,4459268										
10	100	2	8	-19	8	-17	-18,99608774	7,993539056	-17,0031955	0,302021016	9,576766										
10	100	2	8	-19	8	-17	-18,99428758	8,001321917	-17,00327409	0,301766444	9,0673919										
10	100	2	8	-19	8	-17	-18,99143098	8,001243472	-17,00228434	0,301706337	9,6466994										
10	100	2	8	-8	4	-18	-7,998521309	4,003680291	-17,98913071	0,265786635	9,7306692										
10	100	2	8	-8	4	-18	-7,999577699	4,055680777	-18,00110868	0,265913288	9,1429001										
10	100	2	8	-8	4	-18	-7,997454528	4,004927686	-17,98855963	0,265786635	9,8691966										
10	100	2	8	-8	4	-18	-7,996244229	4,005537629	-17,98695059	0,265786635	9,6084533										
10	100	2	8	-8	4	-18	-7,999504113	4,046489895	-18,00140048	0,265913288	9,87615										
10	100	2	8	-8	4	-18	-7,99897234	4,05662447	-17,99976863	0,265852004	9,1019279										
10	100	2	8	6	-20	-12	6,006675154	-19,99963539	-12,00145005	0,286484228	10,7397768										
10	100	2	8	6	-20	-12	6,003734825	-19,99234645	-12,02454406	0,28681771	10,5959561										
10	100	2	8	6	-20	-12	6,004356896	-19,99978885	-12,00053806	0,286484228	10,2094752										
10	100	2	8	6	-20	-12	6,000206214	-19,9960792	-12,0360973	0,286672864	9,970105										
10	100	2	8	6	-20	-12	6,001706235	-19,9997625	-12,00032405	0,286426964	10,0477788										
10	100	2	8	6	-20	-12	6,00304826	-19,99997368	-12,00160975	0,286426964	10,7647361										
10	100	2	8	28	26	-6	28,00123959	4,851882171	-5,952700139	0,372970978	8,3243994										
10	100	2	8	28	26	-6	28,00143983	4,902658767	-5,999858262	0,372854313	8,9891755										
10	100	2	8	28	26	-6	28,00095508	3,828067298	-5,999291216	0,373040346	8,7689275										
10	100	2	8	28	26	-6	28,00089197	4,901704084	-5,999798803	0,372854313	9,2613644										
10	100	2	8	28	26	-6	28,00075342	25,96152572	-5,945529165	0,344681133	8,3242162										
10	100	2	8	28	26	-6	28,0029898	4,891169809	-5,998461563	0,372854313	8,9222482										
10	100	2	8	-22	10	20	-21,99953284	10,05068036	20,07943275	0,303708994	9,6365088										
10	100	2	8	-22	10	20	-21,99284102	10,05419987	20,09671517	0,303922195	8,9823815										
10	100	2	8	-22	10	20	-21,99556774	9,990971072	20,0043516	0,303307464	9,6657496										
10	100	2	8	-22	10	20	-21,99789512	10,02207936	20,02821599	0,303769401	9,329488										
10	100	2	8	-22	10	20	-21,99936368	10,03848537	20,08280273	0,303701887	8,774454										
10	100	2	8	-22	10	20	-21,99965356	10,04257695	20,08268835	0,303701887	8,7621673										
10	100	2	8	-26	-16	-23	-25,99981572	-15,99322556	-22,9987537	0,313510069	10,7608372										
10	100	2	8	-26	-16	-23	-25,99932941	-15,97729584	-23,00222087	0,313825669	10,459732										
10	100	2	8	-26	-16	-23	-12,71083525	-15,9911882	-23,04171698	0,430740647	9,7998748										
10	100	2	8	-26	-16	-23	-12,6826817	-15,9821562	-22,99740852	0,430740647	10,0886027										
10	100	2	8	-26	-16	-23	-25,99102967	-15,9914357	-23,00317321	0,314084699	10,2718614										
10	100	2	8	-26	-16	-23	-25,99814863	-15,98341781	-23,00811511	0,313775054	10,8263957										
10	100	8	8	-17	-11	25	-17,03483585	-10,99783392	24,94306387	0,290967732	8,4839169										
10	100	8	8	-17	-11	25	-17,03591195	-10,99137875	25,01126618	0,290626414	8,5382803										
10	100	8	8	-17	-11	25	-17,0794272	-11,07727211	24,87141874	0,295044371	8,4889402										
10	100	8	8	-17	-11	25	-17,03823725	-11,00938104	24,99674827	0,290910206	8,5150376										
10	100	8	8	-17	-11	25	-17,0245984	-10,99858336	24,99575183	0,290618744	8,455516										
10	100	8	8	-17	-11	25	-17,03641425	-10,97294457	25,01394444	0,291151813	8,7062372										
10	100	8	8	-6	1	-28	-5,995148167	1,000863576	-28,00863431	0,261632979	9,8042862										
10	100	8	8	-6	1	-28	-5,992268256	1,006864152	-28,04423608	0,261487567	9,4548758										
10	100	8	8	-6	1	-28	-5,991990975	1,007116215	-28,02661813	0,261354272	9,4406316										
10	100	8	8	-6	1	-28	-5,997065295	1,006265354	-28,0458168	0,261422939	9,3616158										
10	100	8	8	-6	1	-28	-5,997996394	1,006429639	-28,04475939	0,261422939	9,4238314										
10	100	8	8	-6	1	-28	-5,998779905	1,007069274	-28,02764148	0,261354272	9,4057914										
10	100	8	8	22	28	-10	22,00186124	14,92837582	-10,1477034	0,391107523	10,2989776										
10	100	8	8	22	28	-10	22,00189705	14,26509103	-10,22881154	0,39143213	10,2591608										
10	100	8	8	22	28	-10	22,05945711	28,00167771	-9,984713262	0,313526459	9,9209932										
10	100	8	8	22	28	-10	22,0002261	13,54461759	-10,03283135	0,391037338	10,0209783										
10	100	8	8	22	28	-10	22,00333565	17,56216176	-10,11277678	0,390788765	10,266744										
10	100	8	8	22	28	-10	22,00064636	14,90771269	-10,18718504	0,390981775	10,2415128										
10	100	8	8	18	-6	21	18,16116597	-6,042112328	21,40621463	0,294622889	10,2462997										
10	100	8	8	18	-6	21	18,17665439	-6,168146525	21,17994751	0,293025433	10,1881034										
10	100	8	8	18	-6	21	18,16328172	-5,889661977	20,67100472	0,290859579	10,1480554										
10	100	8	8	18	-6	21	18,00275426	-5,996664213	20,90605944	0,298404681	9,5259555										
10	100	8	8	18	-6	21	18,13506184	-5,797888142	20,87492022	0,295843777	10,170309										
10	100	8	8	18	-6	21	18,00077815	-5,994846122	20,91235911	0,298404681	10,1098665										
10	100	8	8	-28	-13	8	-27,99076583	-12,95548955	8,007037088	0,330790133	8,3123203										
10	100	8	8	-28	-13	8	-27,99578613	-12,96687064	8,037797427	0,330473421	9,3085917										
10	100	8	8	-28	-13	8	-27,99914634	-12,94550923	7,996284269	0,330666615	9,0335736										
10	100	8	8	-28	-13	8	-27,99580225	-12,92152471	7,992842038	0,330666615	8,7932562										
10	100	8	8	-28	-13	8	-17,08831185	-12,99308951	7,849353022	0,4509286	9,2879759										
10	100	8	8	-28	-13	8	-27,99859217	-12,92547109	7,996876287	0,330666615	8,4415035										
10	100	8	8	-23	-6	13	-22,91822111	-6,426171634	12,29063706	0,308686336	9,4599816										
10	100	8	8	-23	-6	13	-22,90943767	-5,826040828	13,11970712	0,304457323	9,7282445										
10	100	8	8	-23	-6	13	-22,99973834	-6,184759546	12,9073493	0,301187214	9,8472363										
10	100	8	8	-23	-6	13	-22,99775966	-6,069500736	12,66740021	0,300509308	9,3944911										
10	100	8	8	-23	-6	13	-22,99902222	-5,887151344	13,24691872	0,30247629	9,0322085										
10	100	8	8	-23	-6	13	-22,99823695	-6,111397352	12,73979141	0,30018616	9,6496494										
10	100	8	8	-20	-4	-4	-19,99744087	-3,998573457	-4,026980525	0,297452729	9,0582735										
10	100	8	8	-20	-4	-4	-19,99772761	-3,998604276	-4,018842365	0,297452729	9,3436552										
10	100	8	8	-20	-4	-4	-19,99414159	-4,01126814	-4,020856807	0,297712225	9,2726907										
10	100	8	8	-20	-4	-4	-19,99747463	-3,993539369	-4,022315873	0,297452729	9,2805407										
10	100	8	8	-20	-4	-4	-19,99792638	-3,999314524	-4,141122009	0,297666638	8,9902445										
10	100	8	8	-20	-4	-4	-19,99434435	-3,996625081	-4,018736607	0,297452729	9,186664										
10	100	8	8	-19	7	-16	-18,99542163	7,002755882	-16,00309108	0,290583388	9,5618785										
10	100	8	8	-19	7	-16	-18,99997551	7,004451526	-16,0399341	0,290634973	9,4365516										
10	100	8	8	-19	7	-16	-18,99868337	6,994652589	-16,04159871	0,290889457	9,9271711										
10	100	8	8	-19	7	-16	-18,99486793	7,003671652	-16,00552119	0,290545559	10,085195										
10	100	8	8	-19	7	-16	-18,99526391	7,003695462	-16,06631144	0,290741581	9,4462676										
10	100	8	8	-19	7	-16	-18,99289492	7,005874393	-16,00802249	0,290545559	10,2546924										
10	100	8	8	-23	-11	13	-22,99656324	2,768896615	13,00929781	0,368083483	8,9567004										
10	100	8	8	-23	-11	13	-22,99769694	-11,07612122	12,66410875	0,306059439	9,5521429										
10	100	8	8	-23	-11	13	-22,98384338	-11,00397895	12,491846	0,309688828	8,8341038										
10	100	8	8	-23	-11	13	-23,00355707	-11,19591126	12,89272543	0,306569265	8,9100281										
10	100	8	8	-23	-11	13	-23,26239432	-11,02901721	12,54358901	0,317924474	8,8018932										
10	100	8	8	-23	-11	13	-22,88734664	-11,10321291	12,73598808	0,307022047	8,8223635										
