Npart,Niter,posx,posy,Ix,Iy,Itheta,Ox,Oy,Otheta,f,t
10,100,2,2,-11,-15,13,-10.991874643064762,-14.997905098950124,12.942810621083234,0.2717315332826828,12.598059200012358
10,100,2,2,-11,-15,13,-10.997772509906431,-14.994445364225815,12.985461536602052,0.2716441703334299,10.579826500004856
10,100,2,2,-11,-15,13,-10.992702644366704,-14.9952868726384,12.946877750193375,0.2717315332826828,11.966317199985497
10,100,2,2,-11,-15,13,-10.991610938703802,-14.991697145930754,12.948374083875429,0.2717315332826828,12.859640100010438
10,100,2,2,-11,-15,13,-10.99906513889114,-14.976240181299634,13.0015249782179,0.271618689473231,12.882133799983421
10,100,2,2,-11,-15,13,-10.998622065815722,-14.992771208401418,12.997417838223564,0.2716368900876588,13.390095299982931
10,100,2,2,-12,-18,15,-12.18077904678034,-18.169748176248067,15.195981665390075,0.2818227326247262,14.800072999991244
10,100,2,2,-12,-18,15,-12.135614392752782,-18.173522148884068,15.24395968769765,0.2816086946350903,19.827516699995613
10,100,2,2,-12,-18,15,-11.983737158855348,-18.174949810752626,14.54847117679708,0.281242290618934,42.816178399982164
10,100,2,2,-12,-18,15,-11.866162421661407,-18.174660298676347,14.74354263008036,0.2803244666972754,17.085963699995773
10,100,2,2,-12,-18,15,-12.078389324665121,-18.12764417032215,15.361225618488252,0.2879624512805182,32.737733600020874
10,100,2,2,-12,-18,15,-11.998153853504629,-17.99845605668815,14.989391883016427,0.287509620028746,18.168549499998335
10,100,2,2,19,-17,-11,10.704793736774572,-16.991321810640073,-11.068722011781592,0.4156323147029195,17.282743399991887
10,100,2,2,19,-17,-11,19.001649445531278,-16.93663413495381,-11.028879817800142,0.2878184709145246,16.251082500006305
10,100,2,2,19,-17,-11,6.26934559912625,-16.944925178047292,-10.978255139434749,0.4157582061502819,20.45323240000289
10,100,2,2,19,-17,-11,20.0,-16.941549851710935,-11.57282582034001,0.32324500469662937,16.654095199977746
10,100,2,2,19,-17,-11,6.26769863282708,-16.968042108593117,-10.994194862630241,0.4157582061502819,13.670814699988114
10,100,2,2,19,-17,-11,6.283675019899504,-16.991547757317583,-10.890680794720698,0.4157582061502819,12.726631500001531
10,100,2,2,12,19,-17,12.001453913061727,19.008369184474653,-17.024274251889985,0.2842903931789835,14.294322100002319
10,100,2,2,12,19,-17,12.002725323729234,19.010165997951624,-17.021939873925607,0.2842903931789835,12.32455290001235
10,100,2,2,12,19,-17,12.005352694806087,19.009909583574554,-17.02002238797342,0.2842903931789835,15.565583600022364
10,100,2,2,12,19,-17,12.000493139593932,19.02307766322473,-17.028848106588484,0.28470409568792276,11.826658200006932
10,100,2,2,12,19,-17,12.000076618666686,19.00107774177205,-17.028987858283177,0.28431598302489736,11.246744999982184
10,100,2,2,12,19,-17,12.002254593539053,19.01009540701955,-17.022590062486472,0.2842903931789835,11.848448100005044
10,100,2,2,15,19,19,15.000625321667297,20.0,18.970059320305538,0.3200846840395927,10.751338399975793
10,100,2,2,15,19,19,15.081884254234993,10.683722200858545,18.84463932845784,0.3587958344845715,11.93728350001038
10,100,2,2,15,19,19,15.00125333180936,9.82137904753483,19.004876826780713,0.36080081017320764,12.000327499990817
10,100,2,2,15,19,19,15.004692075901715,19.01238467252506,18.986916987051362,0.2997855387705861,23.147365100012394
10,100,2,2,15,19,19,3.4616017526348357,19.00221771964796,19.017176539671052,0.43927210425088015,12.967817400000058
10,100,2,2,15,19,19,15.080933384528286,3.676460595610871,18.833320919249783,0.36338763732114987,11.382558499986771
10,100,2,2,-10,-19,-15,-9.992921987399022,-11.112312935206369,-15.05655866009871,0.3741881686662032,25.403020700003253
10,100,2,2,-10,-19,-15,-9.994733285877684,-12.708922582042696,-15.040739065887275,0.3741847930704155,14.018373500002781
10,100,2,2,-10,-19,-15,-9.992342691766488,-10.278277467391765,-15.013850194394674,0.37440083120083056,14.05475640000077
10,100,2,2,-10,-19,-15,-9.9997264548742,-18.99449163830311,-14.980649448693487,0.28607161622317095,13.841264899994712
10,100,2,2,-10,-19,-15,-9.999378929607126,-18.99509193094181,-14.981522584485985,0.28607161622317095,13.98257150000427
10,100,2,2,-10,-19,-15,-9.99632235170335,-13.643093067507806,-15.006265742650282,0.3736987072769817,13.013445399992634
10,100,2,2,-12,12,13,-11.999367455572173,12.00683250049817,12.995861227426072,0.27457264920849483,12.169391299976269
10,100,2,2,-12,12,13,-11.99977161349377,12.007459304491269,12.989646074053256,0.27457264920849483,12.347529799997574
10,100,2,2,-12,12,13,-11.999902792704923,12.00501384572711,13.002017159392942,0.27432295212004854,14.49519980000332
10,100,2,2,-12,12,13,-11.999827277292399,12.00073259718174,12.999270090142954,0.274224710642627,14.271046799985925
10,100,2,2,-12,12,13,-11.997388776418582,12.000873271952607,13.022551744368041,0.27474047839909,14.157384500023909
10,100,2,2,-12,12,13,-11.999827727573756,12.002666694201825,12.999816375817641,0.274224710642627,16.09837880000123
10,100,2,2,17,-13,-17,16.99976072996492,-12.923438180268768,-17.200500710102684,0.2749911882693532,13.031466400017962
10,100,2,2,17,-13,-17,17.031815428973232,-12.988119971103595,-17.02246351327006,0.27469747663584293,12.35269669999252
10,100,2,2,17,-13,-17,-1.582553429421929,-12.996772636981198,-17.17068483706051,0.4173862595905219,12.870728999987477
10,100,2,2,17,-13,-17,17.024638559804366,-12.999263157440584,-17.056806422622866,0.2745799919824389,16.840891500003636
10,100,2,2,17,-13,-17,17.012635892124127,-12.914835217432007,-17.17817889978621,0.2749911882693532,16.182228699995903
10,100,2,2,17,-13,-17,17.026906919081885,-12.996427000471671,-17.01530660321295,0.2747598903579639,14.6796267000027
10,100,2,2,-15,11,-17,-14.99478078269611,11.007857317641296,-16.949159262056988,0.2875076979080186,11.961868299986236
10,100,2,2,-15,11,-17,-14.995673774374323,11.042496981900234,-17.01696895924645,0.2874063054517613,12.67406259998097
10,100,2,2,-15,11,-17,-14.993973387011991,11.009538903973773,-16.94867903624325,0.2875076979080186,14.106633899995359
10,100,2,2,-15,11,-17,-14.994144790986743,11.003881177448744,-16.949401530309537,0.2875076979080186,14.008876400010195
10,100,2,2,-15,11,-17,-14.997860149934576,11.042881070372932,-17.01999237168708,0.2874063054517613,13.811963400017703
10,100,2,2,-15,11,-17,-14.993274446065652,11.004343455670138,-16.94686052040914,0.2875076979080186,12.15226969998912
10,100,5,2,-15,14,11,-14.983015498362036,6.458043428997998,10.942913011773944,0.3256790292092334,7.779782500001602
10,100,5,2,-15,14,11,-14.98096453191729,2.595934292177797,11.032268432128781,0.32561964749180994,9.300038899993524
10,100,5,2,-15,14,11,-14.997058260194148,2.60317790717781,11.01774842203394,0.32545337868302404,7.7199030999909155
10,100,5,2,-15,14,11,-14.989063303400531,20.0,10.997199739234905,0.3358850237422939,9.025556199980201
10,100,5,2,-15,14,11,-14.99480363150143,13.884345923666272,11.007810408132222,0.321578714723899,8.40883559998474
10,100,5,2,-15,14,11,-14.996100460009167,2.510314608009459,11.00705099780814,0.3254830695417358,8.485041600011755
10,100,5,2,18,15,-12,18.011801941959508,6.336239135513825,-12.002894515979428,0.340203133676949,8.051949799992144
10,100,5,2,18,15,-12,18.02248435095613,15.01196105040502,-12.020138272807088,0.313645397532377,8.045227900001919
10,100,5,2,18,15,-12,18.052860858233586,14.824653862996707,-12.026578459105652,0.31375859859465405,9.494675699999789
10,100,5,2,18,15,-12,18.012645350918362,6.3373367555904645,-11.999965189797965,0.340203133676949,8.53825699997833
10,100,5,2,18,15,-12,18.00751572434636,-2.4377910644059395,-11.993376019545812,0.34507897876330296,8.845734400005313
10,100,5,2,18,15,-12,18.014416687275823,6.341947495439383,-12.01256074166935,0.34042122259454943,8.578611000004457
10,100,5,2,10,-13,15,10.000062936819688,-4.524256680946069,14.993439591531422,0.32484282490318317,8.841464199998882
10,100,5,2,10,-13,15,10.000257581963972,5.537428131707403,14.99986376936278,0.32980460990478766,8.73841639998136
10,100,5,2,10,-13,15,10.038223310476832,-5.84340309487248,15.058515520076464,0.32552083279160116,9.825791600014782
10,100,5,2,10,-13,15,10.000448046986428,-4.708133156954603,14.99973375724954,0.32448841168878284,8.668647399987094
10,100,5,2,10,-13,15,10.008425605069114,-0.8042034541052777,14.942810694384557,0.32695389491939386,9.217792300012661
10,100,5,2,10,-13,15,10.011152072628178,20.0,15.028570562568891,0.34912607725152467,9.197313799988478
10,100,5,2,14,-19,11,14.01046129208934,-0.3634598777907654,10.992064813907302,0.33519670617640074,9.69653349998407
10,100,5,2,14,-19,11,14.010837311532498,-5.365142562403785,11.005608568020136,0.33399603879447426,9.657475700019859
10,100,5,2,14,-19,11,14.002843122927011,6.676287679500624,10.985807761466862,0.3403658131518375,8.553432900022017
10,100,5,2,14,-19,11,14.006743906722953,-19.366057855459506,10.974948975964146,0.3118899658901529,9.719867800013162
10,100,5,2,14,-19,11,14.006684574372406,-1.5080456560756148,10.999155838485489,0.3361790703979769,9.153004499996314
10,100,5,2,14,-19,11,14.006171379051246,6.673496517588974,10.987506928787152,0.3403658131518375,9.012948100018548
10,100,5,2,-19,17,11,-18.998776154881355,12.141735544011443,11.026161583637645,0.33194075959660474,9.8767596000107
10,100,5,2,-19,17,11,-18.998928214361882,-20.0,11.01154669767368,0.35041994316656994,8.94964269999764
10,100,5,2,-19,17,11,-18.999332102111723,0.6147774007090401,10.986045748404113,0.33217838116986587,9.012437800003681
10,100,5,2,-19,17,11,-20.0,0.33232084912485,11.577177286828489,0.3734195393384325,10.084079499996733
10,100,5,2,-19,17,11,-18.994502544121918,8.509941460789772,10.981667722433732,0.3311339514641365,8.461808099993505
10,100,5,2,-19,17,11,-18.99934226267067,7.6432312547709405,11.015348828171037,0.3315428816134697,9.847603100002743
10,100,5,2,-12,-14,10,-11.999533820270624,-8.08977110535494,9.991224370649523,0.316264982274134,12.034923900006106
10,100,5,2,-12,-14,10,-11.999935670696054,-4.4622622097111835,10.000555099841899,0.316990066331044,19.20470000000205
10,100,5,2,-12,-14,10,-11.999733971852296,-2.970843647351153,10.000977317304693,0.31724673325384395,9.858496400003787
10,100,5,2,-12,-14,10,-12.004522852631913,-4.431609153285587,9.998505221515725,0.31722106656156396,8.773409099987475
10,100,5,2,-12,-14,10,-12.005505972625194,-8.13664980976866,9.995310893647133,0.316297065639484,8.546736000018427
10,100,5,2,-12,-14,10,-12.005185779861769,-4.523848356332698,10.012961848452973,0.3175226501958539,8.469417900021654
10,100,5,2,11,-19,-11,11.00433387746956,-1.2851057906512484,-11.005158932104877,0.3287402178172042,9.72051630000351
10,100,5,2,11,-19,-11,11.005095562524208,-10.466420420213925,-11.073127016771467,0.32676069352494275,9.470054199977312
10,100,5,2,11,-19,-11,10.993741873711704,-0.2748410240882964,-11.014440985707923,0.3297377124801016,9.74729220001609
10,100,5,2,11,-19,-11,11.017789230125954,-5.607362896905515,-11.014778396125614,0.3277968507716733,7.965816799987806
10,100,5,2,11,-19,-11,11.026011035005768,-5.530422498908552,-11.02375153118041,0.32782004832197326,9.826194499997655
10,100,5,2,11,-19,-11,11.02424893211684,-5.276049766573008,-11.021607803350626,0.3276576654698737,9.213883099990198
10,100,5,2,15,18,-18,15.007833647107152,17.87489525950932,-17.979448633156476,0.3115540957841175,8.340490400005365
10,100,5,2,15,18,-18,15.012339668596603,11.002055753943292,-17.97785871113948,0.33549289153680995,9.048690399999032
10,100,5,2,15,18,-18,15.003959275885828,9.815321547605611,-17.966118769705098,0.3341878344427517,10.135420300008263
10,100,5,2,15,18,-18,15.010433322412934,9.885734866521885,-17.965060862112736,0.333752815411399,9.71127170001273
10,100,5,2,15,18,-18,15.014572134292681,1.9753320428584622,-17.978928165154052,0.33795540998214585,8.12265400000615
10,100,5,2,15,18,-18,15.005524182615602,9.877635250084047,-17.959223000521,0.333752815411399,8.840882699994836
10,100,5,2,10,-18,15,10.003795979807935,4.464843198499221,14.983926833459604,0.33113751177633677,9.03235809999751
10,100,5,2,10,-18,15,10.005162973547392,4.489356074168394,15.030947649643025,0.33122996739748467,9.041772900003707
10,100,5,2,10,-18,15,10.002363466272149,-8.55004655457612,15.003762161663321,0.3263298194766454,9.89369720002287
10,100,5,2,10,-18,15,10.000771867228087,4.474997910015876,14.999728330038897,0.33030541118600554,8.774786199996015
10,100,5,2,10,-18,15,10.002426061525,-8.5393492826887,14.98951581348296,0.3262219545853062,8.823232299997471
10,100,5,2,10,-18,15,10.005488492348231,-5.633669135482241,14.992036054497033,0.32794008821163817,9.402265200013062
10,100,8,2,18,17,-12,18.002777719313467,17.002496170784543,-11.992181270613578,0.28660719104260474,14.302999400009867
10,100,8,2,18,17,-12,18.00379954948888,17.001101684557966,-11.994512616569537,0.28660719104260474,15.976462299993727
10,100,8,2,18,17,-12,18.017283241383634,6.350640739712446,-11.942801927152516,0.37101910773490576,14.88129730001674
10,100,8,2,18,17,-12,10.616848492159544,16.993884694467642,-12.020103703806623,0.41321766941516125,14.392274600017117
10,100,8,2,18,17,-12,20.0,16.54533082809118,-10.054386999336655,0.3780213941854985,14.79236600000877
10,100,8,2,18,17,-12,18.00394840436921,17.00500512670395,-11.994750807937354,0.28660719104260474,14.94658519999939
10,100,8,2,-13,16,-13,-3.275586456820367,16.00348767802632,-12.984165419076067,0.4089409262363376,13.752076300006593
10,100,8,2,-13,16,-13,-12.998772342303827,16.00311064637765,-12.936962038593293,0.2722760040448561,14.232932599988999
10,100,8,2,-13,16,-13,-12.996388296225636,16.00055327051203,-12.971491520382761,0.27235231662106385,13.603220500022871
10,100,8,2,-13,16,-13,-12.995141219155776,9.742551007617658,-12.938243753163922,0.3605333153952207,14.559647500020219
10,100,8,2,-13,16,-13,-12.99812850313009,15.964024844228625,-12.997866177107827,0.2723486826888635,15.602171800012002
10,100,8,2,-13,16,-13,-12.996636561286419,6.482081264083513,-12.971177068837738,0.3624011565462104,13.858629599999404
10,100,8,2,-14,-16,-19,-14.007253989726848,-16.05539730066829,-19.001568008197843,0.2840208911093388,17.104914700001245
10,100,8,2,-14,-16,-19,-14.01042331864816,-16.04289088318184,-18.996094132644853,0.2840208911093388,15.021858099993551
10,100,8,2,-14,-16,-19,-13.558510140155114,-16.492569011244125,-20.0,0.31044848327648644,13.955965400004061
10,100,8,2,-14,-16,-19,-14.018207928885364,-15.999747262858378,-18.958299845541152,0.28369596572228095,13.130415300023742
10,100,8,2,-14,-16,-19,-14.0134668067034,-15.992570641672195,-18.99220946868908,0.28361974865618095,13.581184099981328
10,100,8,2,-14,-16,-19,-14.007510479719993,-15.99787520293635,-19.002131080912413,0.28361974865618095,12.878102300019236
10,100,8,2,15,-12,-11,15.004240267628395,-11.994404823361949,-10.988572313864484,0.28985138942956873,13.04738790000556
10,100,8,2,15,-12,-11,15.001271051987286,-11.992854136446894,-10.989666762725989,0.28985138942956873,12.938785700011067
10,100,8,2,15,-12,-11,15.00160653216319,-11.994382131622254,-10.986923088746018,0.28985138942956873,13.350405800010776
10,100,8,2,15,-12,-11,15.003602388549966,-11.998944448574964,-10.993370943246763,0.28985138942956873,13.239665600005537
10,100,8,2,15,-12,-11,15.000605196820825,-11.992135048280721,-10.985066118303026,0.28985138942956873,12.78642360001686
10,100,8,2,15,-12,-11,15.002086615009791,-11.991364158415541,-10.988718108267951,0.28985138942956873,12.963421799999196
10,100,8,2,-16,19,14,-15.99447287082954,19.002618908272353,13.970604925402705,0.28637533998047215,14.308914599998388
10,100,8,2,-16,19,14,-15.995614652976203,19.004448391673495,13.975920435680933,0.28637533998047215,14.390506099996855
10,100,8,2,-16,19,14,-6.135922192133122,19.0023203294778,13.94616746081951,0.4118572886235732,14.846890000015264
10,100,8,2,-16,19,14,-15.998001204278205,13.71483531842653,14.029565074616212,0.3710466709796295,13.554813700000523
10,100,8,2,-16,19,14,-15.996415616703374,11.254671730279123,14.03040160699532,0.37125225754138363,14.28440150001552
10,100,8,2,-16,19,14,-15.99251967879364,11.25782681947598,14.025190145212655,0.37125225754138363,14.427027500001714
10,100,8,2,-18,-19,17,-18.172881408651516,-3.839672133371861,17.23649615302054,0.3606868181263107,13.335753399995156
10,100,8,2,-18,-19,17,-17.99488479235097,-11.179176317804838,17.012049215283522,0.3634916577789533,13.442398399987724
10,100,8,2,-18,-19,17,-18.169014182902018,2.1208617445221902,17.2920388906317,0.3647691996625432,16.515150600025663
10,100,8,2,-18,-19,17,-17.998589336631913,-18.991066832769935,16.988991794917673,0.3111196434204969,13.575651199993445
10,100,8,2,-18,-19,17,-17.994031846216686,-13.925495457277513,17.070714226239645,0.3627544930122173,12.497314900014317
10,100,8,2,-18,-19,17,-17.999935561817754,-20.0,16.95882600498833,0.328833827240127,13.022475199977634
10,100,8,2,11,12,12,11.002068796197612,12.002828602558633,11.995170334138523,0.2546547831374981,12.845508999977028
10,100,8,2,11,12,12,11.002626500772571,12.003522544274789,11.995673729971736,0.2546547831374981,14.998406999977306
10,100,8,2,11,12,12,11.002012062663587,12.012257214993651,11.991770797641923,0.255242588557261,14.02543120001792
10,100,8,2,11,12,12,11.0024173835413,12.004054009907552,11.995916949547691,0.2546547831374981,13.532580600003712
10,100,8,2,11,12,12,11.002245968249301,12.004385315448523,11.995073474268715,0.2546547831374981,16.213828099978855
10,100,8,2,11,12,12,11.002086968844011,12.000240240072184,11.9968155394062,0.2546547831374981,16.10373550001532
10,100,8,2,12,11,11,12.020734548365246,11.002649892885144,11.044116243774571,0.2558601221341263,14.858603900007438
10,100,8,2,12,11,11,12.001907469209687,11.005249422585205,10.999498221561657,0.2544050577145234,15.071107900002971
10,100,8,2,12,11,11,12.002988648445363,11.002002016815913,11.019909414268215,0.25446485488245224,16.433149000018602
10,100,8,2,12,11,11,12.005383469642814,11.002401456539594,11.014769262178445,0.25446485488245224,14.59793200000422
10,100,8,2,12,11,11,12.007015602855827,11.001348078489801,11.010712678012368,0.2550548536060173,14.892500999994809
10,100,8,2,12,11,11,12.004245551400519,11.001040662014079,11.022155839497213,0.25446485488245224,15.576797699992312
10,100,8,2,-11,17,17,-10.978304872377226,16.99567815132282,17.298924502181983,0.27467803322930007,16.537653700012015
10,100,8,2,-11,17,17,-10.997951356900407,17.035347881151324,17.00308587223977,0.2724867721124775,14.71369410000625
10,100,8,2,-11,17,17,-10.960462172387537,17.023084872115998,17.26281994286746,0.27402029150103324,17.820394800015492
10,100,8,2,-11,17,17,-10.98762767092563,4.039385050074173,17.020836495113187,0.36647479454282417,16.889459400001215
10,100,8,2,-11,17,17,-10.99763578365501,17.02810279827591,17.002623405033308,0.2725267453666816,14.686653299984755
10,100,8,2,-11,17,17,6.055401580537928,16.974567555963638,17.245387026376328,0.4112048659971676,15.39861970001948
10,100,5,5,17,15,-15,16.81545372127283,15.062382730699728,-15.043435191213675,0.2535355696832363,6.1225353999761865
10,100,5,5,17,15,-15,16.868673500724196,15.004048494433116,-15.009641737647295,0.25313855193176626,5.487392000010004
10,100,5,5,17,15,-15,16.85427242038829,15.002764396337255,-15.038762808612656,0.25354751487635085,5.6503087999881245
10,100,5,5,17,15,-15,16.861716373011365,15.005307944163338,-14.9985346813035,0.25313855193176626,5.983215800020844
10,100,5,5,17,15,-15,15.816659171728727,15.056383084065079,-15.043149183318508,0.2546978152548032,6.339653600007296
10,100,5,5,17,15,-15,16.84953499989643,15.004182584041285,-15.029868490863707,0.25354751487635085,6.214729400002398
10,100,5,5,12,17,-11,11.861085219386014,17.0082450617723,-11.118753983613242,0.24714074807766834,6.917463100020541
10,100,5,5,12,17,-11,12.012148987643169,17.03198030459635,-10.97539811306846,0.24821066137406728,6.092696400010027
10,100,5,5,12,17,-11,11.867888588965785,16.9981472284917,-11.11182627585251,0.24714074807766828,6.229236599989235
10,100,5,5,12,17,-11,10.904441652937669,17.00008372849448,-11.178880765890506,0.24767570472586775,6.708151300001191
10,100,5,5,12,17,-11,8.721990785777308,17.00436517153275,-10.877175179003377,0.2541136312852338,6.252672900009202
10,100,5,5,12,17,-11,10.863078548603424,16.99410388180692,-11.124815217649864,0.24751890708760238,6.4892496000102255
10,100,5,5,-17,-15,19,-16.384996207751023,-14.667291464141748,20.0,0.2675283411214552,6.428907399997115
10,100,5,5,-17,-15,19,-16.362419312574172,-14.668047312840267,20.0,0.2675283411214552,5.3862617000122555
10,100,5,5,-17,-15,19,-15.85059249802094,-14.99478398204916,18.98034097741433,0.25498364056547385,6.284583199972985
10,100,5,5,-17,-15,19,-16.8717199228411,-14.997589865346848,18.98551748875873,0.25345240721481965,6.407126699981745
10,100,5,5,-17,-15,19,-15.938202239514288,-15.064659577770346,18.778577812300824,0.2546489814072584,5.872258600022178
10,100,5,5,-17,-15,19,-16.404291896257245,-14.667473466759244,20.0,0.2675283411214552,5.479045299987774
10,100,5,5,-16,-12,19,-16.06770297618317,-11.997656703642008,19.030801126967145,0.23452132584974328,6.963585999998031
10,100,5,5,-16,-12,19,-15.198226523599658,-11.998372158600517,18.983126210651072,0.23463378648814726,5.7737729999935254
10,100,5,5,-16,-12,19,-15.388496243970227,-11.983947836515332,20.0,0.2492741168694556,6.064229999989038
10,100,5,5,-16,-12,19,-15.220281016200248,-11.999945445936858,18.999952672969368,0.23369320660331455,5.841635399992811
10,100,5,5,-16,-12,19,-16.092720598884107,-11.999894535448714,18.998812125901374,0.23399991743532522,7.286551099998178
10,100,5,5,-16,-12,19,-16.08115482216808,-11.998327010538288,19.010010138606383,0.23452132584974328,5.840985000017099
10,100,5,5,-11,-19,-11,-10.368971594158868,-20.0,-12.672998155794113,0.31147941856815864,7.124162000021897
10,100,5,5,-11,-19,-11,-11.170909168979763,-18.996799402128783,-11.009535036840063,0.2603913620741475,7.502004699985264
10,100,5,5,-11,-19,-11,-10.009204175055885,-18.998931814123576,-10.963882725084076,0.2597925091748451,6.014662400004454
10,100,5,5,-11,-19,-11,-10.428198833812006,-18.994619420838042,-10.991016517470143,0.26010458744631254,6.51905249999254
10,100,5,5,-11,-19,-11,-10.044251296979477,-18.999381901685567,-10.960241588255336,0.2597925091748451,7.346776299993508
10,100,5,5,-11,-19,-11,-10.012935010106606,-18.999490684054336,-10.956358710157755,0.2597925091748451,7.426274400000693
10,100,5,5,-15,10,-14,-14.610641893407895,10.001691248629157,-13.897869164562884,0.23377306994774272,6.562554000003729
10,100,5,5,-15,10,-14,-15.290177184632647,10.002640250382735,-13.9210841537341,0.23438209591705067,5.765103000012459
10,100,5,5,-15,10,-14,-14.61258818889926,10.001868675334551,-13.902377014493151,0.23377306994774272,6.203184900019551
10,100,5,5,-15,10,-14,-14.619340647923952,10.000817963213871,-13.88724198615029,0.23377306994774272,6.238071800005855
10,100,5,5,-15,10,-14,-14.614527056013713,10.002054313276973,-13.907070837854574,0.23377306994774272,5.490223700006027
10,100,5,5,-15,10,-14,-14.579996262634033,10.002487728921627,-13.951141875920104,0.23377306994774277,5.74217359998147
10,100,5,5,15,14,-18,15.390692349932777,14.018187023872429,-18.107439396083176,0.2365149462578125,7.002375799987931
10,100,5,5,15,14,-18,14.074294469166539,14.048667035464689,-18.054190866005285,0.2351960896801668,6.457958500017412
10,100,5,5,15,14,-18,14.307355546609372,14.41656021505284,-20.0,0.2785025734557225,5.468493699998362
10,100,5,5,15,14,-18,14.886459761066122,14.023475927252251,-17.906500134949713,0.23567660331698342,5.00380830001086
10,100,5,5,15,14,-18,8.148605449424883,14.025269663491258,-18.19072705685835,0.2562773475336987,4.944307300000219
10,100,5,5,15,14,-18,14.036328184855154,14.02317537936227,-18.055101053538326,0.23435774673933762,5.0284831000026315
10,100,5,5,-11,-11,15,-10.642235309661533,-10.998530972665366,15.076087302863826,0.22953376195599978,5.37407289998373
10,100,5,5,-11,-11,15,-10.57702861753895,-10.995774165482482,15.026770258109591,0.22947300123193126,6.456829100003233
10,100,5,5,-11,-11,15,-10.625151824812395,-10.998630284140464,15.07634034142036,0.22953376195599978,5.002184000011766
10,100,5,5,-11,-11,15,-10.56689640562795,-10.994437877254018,15.044197300029825,0.22947300123193126,5.069347699987702
10,100,5,5,-11,-11,15,-10.576526300867005,-10.999244618965161,15.044007753803301,0.22947300123193126,5.883555900014471
10,100,5,5,-11,-11,15,-10.626250035139417,-10.994909936340513,15.09849297636493,0.22953376195599978,5.647568300017156
10,100,5,5,-12,-13,14,-11.861102775327272,-12.999771913988539,14.032564872430074,0.22890590114062553,4.606646800006274
10,100,5,5,-12,-13,14,-11.87578057527931,-12.991088605245455,14.002691258814473,0.22890590114062553,5.238867099978961
10,100,5,5,-12,-13,14,-11.86009155793091,-12.995212214237156,13.98633259472403,0.22890590114062553,5.247374700004002
10,100,5,5,-12,-13,14,-11.855303133612754,-12.995793561078976,14.009696251845922,0.22890590114062553,6.528376999980537
10,100,5,5,-12,-13,14,-11.887647777391926,-12.995823127893448,13.982378618605896,0.22907805652548618,5.048016399989137
10,100,5,5,-12,-13,14,-11.080677253134407,-12.993804256085417,14.080278205424754,0.22995908702447898,4.972773599991342
10,100,5,8,13,-18,12,13.004880791448656,1.4733617156363341,11.99875593656072,0.31544936478758356,8.559704799990868
10,100,5,8,13,-18,12,13.004196498283168,17.83466934051404,11.999399643231568,0.3312632214089133,7.8546406000095885
10,100,5,8,13,-18,12,13.00140096211619,-4.8423154656975544,11.998970016027844,0.3136298879719238,7.200593200017465
10,100,5,8,13,-18,12,13.002297330641596,-12.853098103849836,12.000498524473329,0.31503496437405254,7.146371699986048
10,100,5,8,13,-18,12,13.00267463101079,-0.8551288067994384,11.994765223492605,0.3154364147746607,6.890035299991723
10,100,5,8,13,-18,12,13.001933751862357,-18.132877038838945,12.021534910455188,0.31389473344697805,7.181799900019541
10,100,5,8,-10,19,10,-9.994980408211243,8.561441185142671,9.990305862736212,0.32549857495426354,7.842739200015785
10,100,5,8,-10,19,10,-9.9924847330896,-4.6871705892756435,9.949456665646252,0.33238108454265514,13.858779500005767
10,100,5,8,-10,19,10,-9.995414884348651,-1.60395357987057,9.996359431842196,0.33039916952057613,12.418953399988823
10,100,5,8,-10,19,10,-9.99756656394591,5.551628975977185,9.994178312172533,0.3267217881319529,13.305805899988627
10,100,5,8,-10,19,10,-9.991179340892568,2.3437389352326177,9.990134297536466,0.3281617732651822,14.43684629999916
10,100,5,8,-10,19,10,-9.998457735534211,4.506458535838805,9.998717306395339,0.32646630689863804,16.613408599980175
10,100,5,8,-15,10,-13,-14.99700330590957,9.987280448292623,-13.004417749549512,0.3064812238406003,14.59565490001114
10,100,5,8,-15,10,-13,-14.994572045078908,9.898763085124237,-13.024981355837987,0.30627294836191377,13.654989900009241
10,100,5,8,-15,10,-13,-14.999717047944838,9.820553470574358,-13.009739401676457,0.30670492713252295,13.047828900016611
10,100,5,8,-15,10,-13,-14.992677907444083,9.872773452650387,-13.04782601899004,0.3061495258560254,12.884991200000513
10,100,5,8,-15,10,-13,-14.995943530599185,9.90241701201864,-13.017929786714276,0.30627294836191377,14.258961500017904
10,100,5,8,-15,10,-13,-14.993217356069085,2.965832310851936,-13.0296742819134,0.33574007164275466,13.263538300001528
10,100,5,8,17,13,-11,16.99596863133546,6.118269310586275,-11.120756883753064,0.32029259742714455,23.97525499999756
10,100,5,8,17,13,-11,17.005384957500908,5.754300961049133,-11.09610410989397,0.32055448348231325,18.611592300003394
10,100,5,8,17,13,-11,16.973924154411296,2.198139167247372,-11.026471436264462,0.3216436913935831,14.875729999999749
10,100,5,8,17,13,-11,16.981057545951014,-5.761389189775466,-10.914091628736685,0.32432207150326325,23.514877900015563
10,100,5,8,17,13,-11,16.973690974838025,-1.8675717849523275,-11.094103795371435,0.3230245451390181,11.646805900003528
10,100,5,8,17,13,-11,16.982930829349602,-9.211695991552416,-11.034388757662077,0.32862533554614926,10.27246509998804
10,100,5,8,-13,-12,19,-13.160764657828432,-4.032514387835757,20.0,0.3548617910568999,14.842435900005512
10,100,5,8,-13,-12,19,-12.993839638666902,-12.144212520726395,18.98978087091281,0.3064413359270293,21.252270700002555
10,100,5,8,-13,-12,19,-13.010945421117006,-12.159865921405899,19.007224630490175,0.306752136237308,13.397598200011998
10,100,5,8,-13,-12,19,-12.990763848299405,-4.913943437212601,18.988066522081745,0.3311344205786711,11.497799700009637
10,100,5,8,-13,-12,19,-12.99696577231052,-5.0121883596308345,18.990848617474047,0.3309712504157748,10.274300699995365
10,100,5,8,-13,-12,19,-12.998255152978386,-12.146166931819163,18.989109602530114,0.3064413359270293,7.406152000010479
10,100,5,8,15,15,-16,15.003103354147706,6.61862883577046,-15.998223341907664,0.3239872616280324,7.562281400023494
10,100,5,8,15,15,-16,15.001864598058699,2.5149810428395325,-16.00000313993805,0.32441342825823166,7.426077399984933
10,100,5,8,15,15,-16,15.004055481866356,2.5171025030578367,-15.996599157875934,0.32441342825823166,6.777975999983028
10,100,5,8,15,15,-16,15.002479634883873,-2.4602215559246767,-16.002338570212494,0.3267751016672527,6.62202320000506
10,100,5,8,15,15,-16,15.004356348853937,6.958631161282588,-15.997475004995314,0.3239103148753575,7.552886199991917
10,100,5,8,15,15,-16,15.000087886188371,14.948725037216128,-16.00995152688509,0.3219907400183256,7.153591999987839
10,100,5,8,-17,-12,16,-16.99302932896986,-12.209493235297483,16.051717195951497,0.3117357134317903,6.923698800004786
10,100,5,8,-17,-12,16,-16.99257351075072,-12.237831932922798,16.102953081497983,0.3106430459300158,7.583459399989806
10,100,5,8,-17,-12,16,-17.097735298849777,-12.160393467790795,16.1597074663039,0.3124380646329848,7.757414699997753
10,100,5,8,-17,-12,16,-16.9989949396725,-12.244584407005908,16.093204473259267,0.3106430459300158,25.724824800010538
10,100,5,8,-17,-12,16,-16.991640805129933,-12.241352300435683,16.090874839718712,0.3106430459300158,16.11421870000777
10,100,5,8,-17,-12,16,-16.996588528050555,-12.242959493750682,16.10812277118906,0.31089877662192045,16.651759100001073
10,100,5,8,-13,-15,-10,-12.998053042478983,-6.085448558529646,-9.9630318093353,0.3315319103530251,14.782896899996558
10,100,5,8,-13,-15,-10,-12.995623085159004,-7.399035938609851,-9.9867881558397,0.33060390486453894,14.869184700015467
10,100,5,8,-13,-15,-10,-12.993627418984833,-15.086020258455811,-9.957627646452327,0.3092753753602573,13.251952499995241
10,100,5,8,-13,-15,-10,-12.993275391390519,-7.395771129298016,-10.004222633233532,0.32985526178139046,12.803709400002845
10,100,5,8,-13,-15,-10,-12.995884591042877,-15.036682286194162,-9.99534912535244,0.3092987704566057,13.099733099981677
10,100,5,8,-13,-15,-10,-12.999509789944238,-1.4845698094963051,-9.99217002331016,0.33358288046623386,13.471272299997509
10,100,5,8,-15,19,-18,-14.996070283907017,9.503024378104188,-18.00678067023084,0.3361095508718599,13.11950080000679
10,100,5,8,-15,19,-18,-14.929442120627947,18.992282480966537,-17.911353855060174,0.3155008793037629,13.356839699990815
10,100,5,8,-15,19,-18,-14.965647069703312,18.969126552566774,-17.871122040007346,0.31447178176905866,12.71324059998733
10,100,5,8,-15,19,-18,-14.997372268688526,-6.481017287861322,-18.026579445414658,0.3417711641881701,13.81871239998145
10,100,5,8,-15,19,-18,-14.965263454166472,18.973235466899332,-17.875571197335244,0.31435394617348184,13.34044410000206
10,100,5,8,-15,19,-18,-14.997395726226447,-13.538419922674619,-18.02317076840634,0.3475955893730499,13.211513099988224
10,100,2,8,-11,19,-13,-10.99582345254817,19.012206719613992,-12.98014844710467,0.2839039814306705,19.144301699998323
10,100,2,8,-11,19,-13,-10.993568887512907,19.01229936171221,-12.983716487124264,0.2839039814306705,18.871976399997948
10,100,2,8,-11,19,-13,-10.994584893386207,19.002524369729706,-12.98561442746119,0.2839039814306705,19.0531530000153
10,100,2,8,-11,19,-13,-10.996964479849208,19.011443103762566,-12.984373182354002,0.2839039814306705,18.69403919999604
10,100,2,8,-11,19,-13,-10.993721104640349,18.99085396667075,-12.958727487423394,0.2845653570911377,19.22565310000209
10,100,2,8,-11,19,-13,-10.998732503945911,-19.831245300461084,-13.001522231134032,0.38761277249700454,18.533838100003777
10,100,2,8,10,10,-16,10.00513091289954,9.991433816759406,-15.993776296021702,0.27121256570156876,20.130972400016617
10,100,2,8,10,10,-16,10.000099933696003,9.994081173224759,-15.998281851816692,0.27121256570156876,20.519633399992017
10,100,2,8,10,10,-16,10.003900919272581,10.0080747912258,-16.024177957700893,0.27140422095022276,21.717730900010793
10,100,2,8,10,10,-16,10.000113855475917,10.008811610149277,-16.01908373669555,0.27140422095022276,21.896414999995613
10,100,2,8,10,10,-16,10.00048440565623,10.010891443470218,-16.01613621401295,0.27140422095022276,20.475923299993156
10,100,2,8,10,10,-16,10.00333626876265,10.00850478800545,-16.014300548463073,0.27140422095022276,20.471547300025122
10,100,2,8,-12,12,-15,-11.99511230883463,11.967376450758543,-14.962213139550345,0.276095919765562,19.53803309999057
10,100,2,8,-12,12,-15,-11.995953068845937,12.003376259423034,-14.967412464156888,0.27555338504407345,20.694350700010546
10,100,2,8,-12,12,-15,-11.999769112045664,12.00923885298603,-14.998874342050907,0.27518195742705437,18.09635989999515
10,100,2,8,-12,12,-15,-11.997307987221753,12.004108422002492,-15.020177625133414,0.2755074782599475,21.886532900010934
10,100,2,8,-12,12,-15,-11.99989484224033,12.014001343947239,-14.997972251938418,0.27518195742705437,19.96353030001046
10,100,2,8,-12,12,-15,-11.99793736921772,12.008356768717288,-15.01407473368231,0.2755074782599475,19.944641399983084
10,100,2,8,-10,11,12,-9.999429053837616,11.005242453775558,12.04434752668157,0.27312671110906545,19.406553499982692
10,100,2,8,-10,11,12,-9.997413876648606,11.011187402131515,12.023643748084057,0.2732096917744588,19.729802400019253
10,100,2,8,-10,11,12,-9.996690272876522,11.016888733582235,12.14411844418848,0.2738984312972239,20.28281989999232
10,100,2,8,-10,11,12,-9.999799508008769,11.008475421903654,12.024292984871405,0.2732096917744588,20.690598799992586
10,100,2,8,-10,11,12,-9.996535952765797,11.004641031458068,11.992791041546692,0.2730769227098293,20.06992270000046
10,100,2,8,-10,11,12,-9.996777861301677,11.016120390489657,12.02689830286295,0.2732096917744588,19.003490200004308
10,100,2,8,-14,14,-18,-14.0070183350156,6.295643822413086,-17.97543955555588,0.3530489342365924,19.041184000001522
10,100,2,8,-14,14,-18,-14.008487860338343,14.002780265987209,-18.007561697000497,0.28401236996380186,18.811296299973037
10,100,2,8,-14,14,-18,-14.009516912019006,14.000505085031829,-18.005011903534744,0.28401236996380186,19.068270000017947
10,100,2,8,-14,14,-18,-14.008544796309625,14.111483072130946,-17.66592045401749,0.28069954456137114,19.544720699981553
10,100,2,8,-14,14,-18,-14.008443849279516,14.002436862512395,-18.009003530948572,0.28401236996380186,19.29900739999721
10,100,2,8,-14,14,-18,-14.005749965303277,4.969835985252906,-17.97611344320547,0.35346100757691223,20.66360379999969
10,100,2,8,-14,18,-15,-14.006351454929572,8.24903617267632,-14.931345326868628,0.3523814373835127,18.772202899999684
10,100,2,8,-14,18,-15,-14.016947712996306,18.02308718818448,-15.103206755978478,0.29168283118956506,19.867796599981375
10,100,2,8,-14,18,-15,-14.007638885400368,18.136463219805783,-14.752321490719853,0.2861761053647302,19.01205309998477
10,100,2,8,-14,18,-15,-14.005356207514584,8.233303733458033,-14.878556933060059,0.35215204451030035,20.094107700017048
10,100,2,8,-14,18,-15,-14.016611793745593,5.079206345911471,-15.03778993320269,0.3580443588266685,19.64210650001769
10,100,2,8,-14,18,-15,-14.018525008194835,7.318430582192262,-14.993247150851117,0.3574830572681982,20.856385999999475
10,100,2,8,13,12,-18,13.004698438090085,11.930393736384378,-17.929866242087282,0.27419473415682416,20.74123040001723
10,100,2,8,13,12,-18,13.00350824699777,11.927402084759366,-17.92548729297899,0.27419473415682416,20.839371299982304
10,100,2,8,13,12,-18,13.002462944337175,6.146771422597256,-17.97462435657708,0.3414799557506843,20.384574700001394
10,100,2,8,13,12,-18,13.004797000285693,11.9202805472098,-17.96788634464218,0.2741824774524231,19.586508500011405
10,100,2,8,13,12,-18,13.001321908025346,11.91894298205759,-17.931426896707716,0.27419473415682416,19.15752700000303
10,100,2,8,13,12,-18,13.003333866454131,11.888360514774819,-17.93745962502757,0.2747054301735364,19.022756600024877
10,100,2,8,15,11,10,15.000550463094184,11.045032232661558,10.02008355800928,0.28740284326580817,18.364069899980677
10,100,2,8,15,11,10,15.004491473282007,11.000462053617358,10.055587612408583,0.2877850976668137,20.13504140000441
10,100,2,8,15,11,10,15.002482838973181,11.039048278094384,10.022644242036696,0.28741033845014163,19.34857770000235
10,100,2,8,15,11,10,6.588787504613189,11.006660601320768,10.021698855082949,0.4357486875957133,20.508853799983626
10,100,2,8,15,11,10,15.003583785365011,11.05132814073352,10.00948888048627,0.2874103384501417,19.260113399999682
10,100,2,8,15,11,10,15.003408193218428,11.033562191383195,10.024882223346705,0.28741033845014163,19.986513899988495
10,100,2,8,12,14,-12,12.00071554779364,6.796371722557229,-11.996617464963379,0.34324344192614337,19.52198029999272
10,100,2,8,12,14,-12,12.005412480796645,14.000651811120113,-12.008559400476102,0.27466519191959893,19.76863370000501
10,100,2,8,12,14,-12,12.005341900961625,14.008160076512215,-11.99003223556538,0.27468976496293773,19.802737599995453
10,100,2,8,12,14,-12,12.002269577366317,14.009560451541471,-11.985885320941085,0.2746160458329213,18.693060199992033
10,100,2,8,12,14,-12,12.003752745870573,14.006734711387148,-12.010270971671165,0.27466519191959893,18.5957408999966
10,100,2,8,12,14,-12,12.0053133087241,14.007657472485334,-12.012039566445726,0.2746815739484915,19.178806899988558
10,100,8,8,-14,-19,-14,-14.006937762661751,-13.981043968348514,-13.998177419686971,0.35437876770406185,18.312515199999325
10,100,8,8,-14,-19,-14,-14.011717982803978,-13.015210869963909,-13.999629311676689,0.3541802778810812,17.261481800000183
10,100,8,8,-14,-19,-14,-14.010584113552238,-18.998249906138167,-14.009152863436515,0.2899357385096804,18.725271700008307
10,100,8,8,-14,-19,-14,-14.015044697147738,-18.993709623174347,-14.016795455960466,0.2904981263414589,17.544133599993074
10,100,8,8,-14,-19,-14,-14.117069459975314,-18.9937084541077,-13.857506459308933,0.29524947647905797,16.828444199985825
10,100,8,8,-14,-19,-14,-14.067820412588555,-5.282746891652081,-14.008850579413075,0.3612721538479937,17.54717440000968
10,100,8,8,18,13,-15,18.137303273974855,-0.6450342023833819,-14.862613243593646,0.367553605033079,20.14884740000707
10,100,8,8,18,13,-15,3.172655392187398,12.94546091086698,-14.605188633334773,0.4184274465666936,20.7845440999954
10,100,8,8,18,13,-15,18.043780025031534,12.98391950521874,-14.96232393433646,0.28867408864808636,22.21869730000617
10,100,8,8,18,13,-15,18.166814082061475,13.123379234525068,-15.258716090908404,0.2826388129444113,20.215854300011415
10,100,8,8,18,13,-15,18.18230250603959,12.926362349745528,-14.644785569113479,0.2808254447968954,21.906448199995793
10,100,8,8,18,13,-15,18.181236729924713,12.923049329756493,-14.648453860306098,0.2808254447968954,20.11103210001602
10,100,8,8,-17,15,-14,-17.005184342711008,7.678486964528647,-14.085478146708377,0.3602560446064136,21.964445299992803
10,100,8,8,-17,15,-14,8.553575153631943,14.995616327187793,-14.210128228263654,0.4188667113674546,19.434654099983163
10,100,8,8,-17,15,-14,-17.00517068227985,3.1535033911056116,-13.911819272619601,0.3624688702283182,20.650901799992425
10,100,8,8,-17,15,-14,-17.000316909392414,15.120560370090043,-13.86177907683811,0.27707790130383103,20.43221420000191
10,100,8,8,-17,15,-14,-17.002157578752048,0.8507370862396441,-14.098646490387294,0.3648094993102338,20.26504559998284
10,100,8,8,-17,15,-14,-17.01180735928383,-1.0332868904577608,-14.277470339985964,0.36784026707620876,20.681345100019826
10,100,8,8,14,-15,-14,14.04575225569869,-7.060046953061821,-14.049373084243742,0.34545663290545814,17.806630600010976
10,100,8,8,14,-15,-14,14.034926250424922,-14.991667366066254,-14.029421976915518,0.2769686959835972,19.472868300013943
10,100,8,8,14,-15,-14,14.025479307656328,-14.991496769106904,-14.014979043465308,0.27706726427897377,17.802995700010797
10,100,8,8,14,-15,-14,14.045515005498794,-14.992302951684195,-14.02952243469934,0.2768988767743721,19.23353650001809
10,100,8,8,14,-15,-14,14.03189051209479,-1.9979069888135268,-13.997022846167884,0.3476261950529435,17.762564900011057
10,100,8,8,14,-15,-14,1.0408072847885634,-14.98322420091842,-13.998858304033696,0.4368177219982712,20.111038400005782
10,100,8,8,-18,-14,10,-18.18305169435904,-14.117893372954756,9.728227792718327,0.30327304203860006,18.164563099999214
10,100,8,8,-18,-14,10,-18.17996401162809,-4.776337516552513,10.086927226914389,0.3667448352696466,19.661157099995762
10,100,8,8,-18,-14,10,-17.994564321227912,-7.683838195788761,10.087864688690683,0.36779249201356456,20.2153387000144
10,100,8,8,-18,-14,10,-17.99931278526113,-13.990750951411295,9.968239747796567,0.3068825151833382,24.896546000003582
10,100,8,8,-18,-14,10,-17.996954968151602,-13.994906560021121,9.96605954054177,0.3068825151833382,9.447581300017191
10,100,8,8,-18,-14,10,-18.173185016602492,-14.11397871630749,9.704626135201583,0.30298667984502015,11.038584299996728
10,100,8,8,12,-14,-19,12.003032462142503,-13.999390364526207,-18.990050141089462,0.274304787283963,13.326564299990423
10,100,8,8,12,-14,-19,12.005121203990148,-13.993816632403025,-19.02913054136573,0.2743539333706406,19.799590599985095
10,100,8,8,12,-14,-19,12.004571605455787,-13.99896200060933,-18.98455297699865,0.27432116931285555,20.88378490001196
10,100,8,8,12,-14,-19,12.018752133504616,-13.998826912638744,-19.039989349302623,0.2749600684396647,26.66223529999843
10,100,8,8,12,-14,-19,12.004209585889045,-13.99964103102466,-19.01204058329564,0.2744890851090041,24.47615259999293
10,100,8,8,12,-14,-19,12.005866398499723,-14.031249860411402,-20.0,0.2968136949823171,23.094652900006622
10,100,8,8,-17,-11,-15,-17.08145299442432,-10.929597585020668,-14.843933426735706,0.29498684541174813,18.211528899992118
10,100,8,8,-17,-11,-15,-17.076542338047453,-10.928702590752781,-14.842133411986884,0.29498684541174813,18.618471499998122
10,100,8,8,-17,-11,-15,-17.03387470617263,-10.998207213217748,-15.008880717429383,0.29061874368234475,17.703162399993744
10,100,8,8,-17,-11,-15,-10.329967456958766,-11.022656966620277,-15.068385941943525,0.4352876651382578,16.29273449999164
10,100,8,8,-17,-11,-15,-17.002636487520743,1.8055059580638566,-15.006040664092986,0.36217277534802417,19.884559800004354
10,100,8,8,-17,-11,-15,-16.672803408007752,-11.060001986278925,-15.429811151217585,0.30258020926093054,19.577272099995753
10,100,8,8,-14,-18,17,-14.005934604956812,-17.992808363779467,16.999533629121327,0.28913221087239793,24.823265399987577
10,100,8,8,-14,-18,17,-14.00948826850543,-17.996763781384683,17.008280864954934,0.28901664878683053,19.884312999987742
10,100,8,8,-14,-18,17,-14.006796184984825,-2.2058450498018014,16.85546496424574,0.35760649727334926,12.78015270002652
10,100,8,8,-14,-18,17,-14.007687697555244,-11.004599568059641,16.981512980690738,0.35432573600180195,10.734796100005042
10,100,8,8,-14,-18,17,-14.008432013715987,-6.151002250166195,16.74910729886717,0.3550789276518429,10.603247200022452
10,100,8,8,-14,-18,17,-14.005733740692772,-10.263930959046721,16.9443482430446,0.35134916945405714,10.33470629999647
10,100,8,8,11,14,13,-6.966480984379092,14.036179276968173,12.932963717960568,0.4099416027891066,11.951903500012122
10,100,8,8,11,14,13,11.004539552788433,0.04810446063582122,12.97846141234039,0.35457493147092645,12.657623200007947
10,100,8,8,11,14,13,11.00564894422176,3.033656671036693,12.989141697833908,0.35182430579563095,12.402780400007032
10,100,8,8,11,14,13,11.000241903642106,14.04547512022347,12.924191704057668,0.2550841318307312,11.81616159999976
10,100,8,8,11,14,13,11.00062017617998,14.037233593722608,12.936571655230338,0.2550841318307312,11.96250080000027
10,100,8,8,11,14,13,11.003511839247759,14.041138658277683,12.98002965634332,0.25511561252515524,12.051420599978883
