Npart,Niter,posx,posy,Ix,Iy,Itheta,Ox,Oy,Otheta,f,t
10,100,2,2,-27,-20,-21,-13.146319971506943,-19.938752858953123,-20.647333834701623,0.42707807589294583,16.49677579998388
10,100,2,2,-27,-20,-21,-26.993771315933568,-19.994313688563906,-21.022429940423194,0.31280167594089825,15.334425100008957
10,100,2,2,-27,-20,-21,-26.995294870147124,-20.002974161719145,-21.007110492945774,0.3123425391188548,18.87406919998466
10,100,2,2,-27,-20,-21,-26.996515113085437,-11.973812393623758,-21.009503329060582,0.3778548886179933,25.619986000005156
10,100,2,2,-27,-20,-21,-13.399980538576198,-19.999004310418336,-20.66922521697653,0.4278537112646247,15.138015000004089
10,100,2,2,-27,-20,-21,-26.997065073776735,-11.98151592715474,-21.0205119850419,0.3778313431399398,13.87566789999255
10,100,2,2,20,28,21,20.08483207084024,12.376171442063516,20.951935355945544,0.36957898010820855,12.08913219999522
10,100,2,2,20,28,21,20.087023539275837,5.307256927409559,20.828168335462593,0.3755518895804859,9.671705599990673
10,100,2,2,20,28,21,20.378312843348183,-1.2946819873996422,21.510996083955074,0.3879770168095716,13.06442199999583
10,100,2,2,20,28,21,20.090217809525438,10.300759410428626,20.778691512343478,0.3714866457555608,9.610382500017295
10,100,2,2,20,28,21,19.721745368273915,30.0,20.410451286653366,0.36384100792821045,11.803544800000964
10,100,2,2,20,28,21,19.72284205724453,28.100111914717058,20.514611305240198,0.32494211423986297,13.383928599971114
10,100,2,2,27,-23,22,27.002173317494762,-11.837018913467093,21.987377062443432,0.38227385978624207,26.14762370000244
10,100,2,2,27,-23,22,27.002022201220925,-12.889975935135492,21.966553011135552,0.38213437735531647,13.939262900006725
10,100,2,2,27,-23,22,27.000179914971547,-12.840763906241651,21.99991584366558,0.38214624820050164,12.815643999987515
10,100,2,2,27,-23,22,27.003217341139035,-22.99222545649325,21.96953625175194,0.3150047478332664,13.995727999979863
10,100,2,2,27,-23,22,27.001635485241067,-22.993694515286872,21.96746166644737,0.3150047478332664,16.904040099994745
10,100,2,2,27,-23,22,-23.764631091683945,-22.997419375303366,22.002772792440727,0.43783265909297914,14.316523099987535
10,100,2,2,24,-28,-28,23.80780346112786,-30.0,-27.31214593583953,0.37365935020901087,11.923617499996908
10,100,2,2,24,-28,-28,23.807888990122798,-30.0,-27.316676799293838,0.37365935020901087,11.997800800018013
10,100,2,2,24,-28,-28,-25.959753825342165,-30.0,29.04374805551923,0.47941835518580933,11.389944099995773
10,100,2,2,24,-28,-28,24.001841975251057,-14.006324781165233,-27.86641162193774,0.3911706554347132,11.899035599984927
10,100,2,2,24,-28,-28,24.0016422875621,-15.37344626404853,-27.8820114307644,0.3905402839604738,18.680451000022003
10,100,2,2,24,-28,-28,24.002072803695597,-15.472571260111996,-27.96417306876125,0.3904159853599195,13.981468499987386
10,100,2,2,25,20,-22,25.029199289239195,5.360790226184955,-22.057448336138567,0.3796458692317858,9.725063599995337
10,100,2,2,25,20,-22,25.09229894167196,19.91628250362347,-21.79930450914877,0.336667222905634,9.604525000002468
10,100,2,2,25,20,-22,18.654305302056063,-20.99530884984892,30.0,0.48734603065223375,8.958988600003067
10,100,2,2,25,20,-22,12.40263625771184,20.0223284429405,-22.03726287536722,0.4504057733410688,14.415368099987973
10,100,2,2,25,20,-22,25.099676924426216,20.08988451930722,-22.17769628748746,0.3355188056353805,11.026466500014067
10,100,2,2,25,20,-22,1.4288207933107115,19.9971801115525,-22.0488294844176,0.4538092645238199,8.576660000020638
10,100,2,2,-22,27,26,-21.999897889098406,6.963711460106527,25.978892314548396,0.3618003854269232,10.025972300005378
10,100,2,2,-22,27,26,-21.998930132801615,11.859871285461178,26.002948054080427,0.3608753059803733,10.033071799989557
10,100,2,2,-22,27,26,-21.99464430159368,27.00029151380726,26.006712399402954,0.32234051046982876,10.150636400008807
10,100,2,2,-22,27,26,-21.996128102828635,11.77669773800919,26.006409504454627,0.3610385552944704,9.80077549998532
10,100,2,2,-22,27,26,-21.99865116352736,7.953671481269234,25.97404912614809,0.36207609537962043,10.044002999988152
10,100,2,2,-22,27,26,-21.99773015980055,27.000946246463954,26.005182221294476,0.32234051046982876,12.36228260002099
10,100,2,2,24,-27,20,30.0,-9.634194984418706,-30.0,0.4789846572358012,11.802453899988905
10,100,2,2,24,-27,20,24.000521754450148,-26.99693829260957,20.001122600784363,0.31465302883161494,11.661746600002516
10,100,2,2,24,-27,20,5.576286101093196,-26.99625786699208,19.984403601745832,0.4151336499272789,11.70588290001615
10,100,2,2,24,-27,20,24.003607290565828,-26.997917444537983,19.97903442336253,0.3145583251359546,12.582233799999813
10,100,2,2,24,-27,20,24.00298200037251,-16.424549067696212,19.982367498301933,0.38914044495899375,11.672531899996102
10,100,2,2,24,-27,20,24.000560862197695,-14.037758934145842,19.996304887816287,0.38916116139241946,11.978813699999591
10,100,2,2,-27,28,23,-26.99981534948307,6.646345681232636,23.028618549357734,0.3752079596315379,9.602108199993381
10,100,2,2,-27,28,23,-1.5894718155317584,28.00298570726854,23.103234281028566,0.4627959945318318,9.86628029998974
10,100,2,2,-27,28,23,-2.1349096501652443,28.112479591311523,23.223156879517628,0.4624555558554268,10.024844100000337
10,100,2,2,-27,28,23,-26.9988132633408,5.574644064396235,22.996774524478134,0.3752047846655155,9.341347000008682
10,100,2,2,-27,28,23,-26.999938632587796,4.2340307870731415,23.00137465059608,0.37522383446165,9.018671800004086
10,100,2,2,-27,28,23,-26.99834197865627,9.121353640606241,23.042167911411312,0.3754238573210625,10.8298061999958
10,100,2,2,26,-23,20,26.00235455329046,-13.09307003529273,20.00551678641035,0.3836063621582757,12.056209700007457
10,100,2,2,26,-23,20,6.238184233548377,-22.996994715706165,19.941484782646125,0.417507459025854,15.937651000014739
10,100,2,2,26,-23,20,26.002787609470317,-9.737994639455282,19.9905430107657,0.38350249226290556,10.927837199997157
10,100,2,2,26,-23,20,7.231584413049445,-22.981681806743556,19.965453801352997,0.4176813072023937,11.369496500003152
10,100,2,2,26,-23,20,10.252885092800389,-22.987071046142855,19.962994523552613,0.41712815391340374,10.763540999992983
10,100,2,2,26,-23,20,26.206497616839222,-22.994734362970114,19.96903244506459,0.3081790821139463,9.939709700003732
10,100,5,2,24,-27,22,23.753164523718233,30.0,21.70299664445462,0.3917275917234154,5.814969099999871
10,100,5,2,24,-27,22,24.31598526839081,-27.15343506085756,21.675367392887686,0.34298496931166567,6.099204199999804
10,100,5,2,24,-27,22,23.93647456051222,25.665493394225127,22.238700226304193,0.38251171157299796,5.853733700001612
10,100,5,2,24,-27,22,23.991692272041494,23.253056673490583,22.214262768490702,0.38094744320919727,5.499660400004359
10,100,5,2,24,-27,22,24.303670880374053,-16.536870450899368,21.69383963017005,0.3666942865622833,5.658412099990528
10,100,5,2,24,-27,22,23.82528353976523,22.08028164963231,21.84672865995178,0.38284817719968206,5.569441900006495
10,100,5,2,23,-20,26,23.014045897794357,-20.01403897496901,25.97574870080564,0.3312358867720048,5.874780300015118
10,100,5,2,23,-20,26,23.01346082833205,-20.056001457961344,26.00651610653666,0.33113803941406905,5.958281100000022
10,100,5,2,23,-20,26,22.992534066708274,-1.442174898260465,26.092345182089062,0.3612480102234614,5.616202200006228
10,100,5,2,23,-20,26,23.027540137446916,-20.031324569204106,26.02072066294385,0.3317552304410484,6.370483200007584
10,100,5,2,23,-20,26,-9.26966447923254,30.0,-21.82813856135015,0.4914406121438902,5.842797999997856
10,100,5,2,23,-20,26,23.025616530399475,-20.021421807841183,25.997999565573597,0.3310251386164509,6.4152707000030205
10,100,5,2,-20,-23,-22,-20.004364856823727,-3.4730180730797007,-21.998577001545744,0.33177452446329636,6.756053199991584
10,100,5,2,-20,-23,-22,-20.00388889022715,-7.82407923102784,-21.996292282782278,0.3310252026833219,6.715243500017095
10,100,5,2,-20,-23,-22,-19.99881501122219,-7.839644268074214,-22.00415956178173,0.3314244763325054,6.452584800019395
10,100,5,2,-20,-23,-22,-20.00097662848646,-7.850819748456633,-21.99671015904179,0.3315776223897265,6.4998563999834005
10,100,5,2,-20,-23,-22,-19.999987947191993,-7.779600226593011,-21.99929459057133,0.33085564811997004,6.638388599996688
10,100,5,2,-20,-23,-22,-19.99987119655917,-6.193134006430234,-21.996184464409673,0.3317745244632964,5.961707999987993
10,100,5,2,21,-24,23,21.00412731917645,-16.127703233243324,22.9995285463535,0.355772993454352,5.750235999992583
10,100,5,2,21,-24,23,20.994943313656464,26.892505678677562,23.00533558960018,0.37385369079720915,5.9160775000054855
10,100,5,2,21,-24,23,20.989175977162155,-5.196698943723607,22.999707038876302,0.3595847402716422,6.000293999997666
10,100,5,2,21,-24,23,21.00163208261895,16.103995273610828,22.998544731808366,0.3692307685304369,7.010143899999093
10,100,5,2,21,-24,23,-8.525519072207132,30.0,-20.998125113001752,0.49095357204857026,6.614075399993453
10,100,5,2,21,-24,23,21.000332679530587,-24.155331183556793,22.998167772788943,0.3304704150478691,6.604675400012638
10,100,5,2,20,-23,22,20.000963518624513,28.07303829052084,22.035556021997984,0.37281815476268787,5.849970299983397
10,100,5,2,20,-23,22,20.004783330238457,-15.113659133139826,21.999332955107647,0.3552273603880737,6.357837100018514
10,100,5,2,20,-23,22,19.97632023134866,11.886926598005491,22.4661989412217,0.3656798501523519,6.9645998000050895
10,100,5,2,20,-23,22,20.000988070677682,5.092738772166678,21.9626781686312,0.36186915263070496,7.255250599991996
10,100,5,2,20,-23,22,20.022905511106703,0.09704601403409224,21.91940810585087,0.35941130838816326,7.38182870001765
10,100,5,2,20,-23,22,20.00671342950887,-10.11717721613406,22.006724180253507,0.3559405343971801,6.625230199977523
10,100,5,2,-28,25,-23,-27.98501378434011,4.554085028058609,-22.99928423712332,0.33920623058295596,7.466180999996141
10,100,5,2,-28,25,-23,-27.999142924214663,0.34590697144307664,-23.01728753083678,0.33983869653278886,7.425034099986078
10,100,5,2,-28,25,-23,29.46690057032003,7.491766261547959,30.0,0.49715959807453847,7.075817900011316
10,100,5,2,-28,25,-23,-27.995299207706545,4.7406988171889175,-22.992550754271633,0.3392014751998744,10.795195100014098
10,100,5,2,-28,25,-23,-27.99030810469523,4.5482217432537215,-22.983967675543013,0.3389874829612092,7.256708800006891
10,100,5,2,-28,25,-23,-27.9878630209586,4.5488369691600585,-22.97039805740851,0.3389874829612092,7.360429399996065
10,100,5,2,-27,-28,21,-26.997108275406575,-1.8309708753081224,20.96934337245117,0.3411023359836228,7.084146999986842
10,100,5,2,-27,-28,21,-26.994095011939358,-1.8433187711178984,20.988904871080962,0.3411023359836228,7.466111499990802
10,100,5,2,-27,-28,21,-26.99478928762892,-1.8358084167298316,20.967875409723025,0.3411023359836228,7.279806699982146
10,100,5,2,-27,-28,21,-26.99864570657251,-1.835961509037378,20.996967455235307,0.34083721459657945,7.452915600006236
10,100,5,2,-27,-28,21,-26.999746186379422,-8.108420356844924,20.99809964498941,0.34200658928585975,7.316740499984007
10,100,5,2,-27,-28,21,-26.999801274132665,-3.1447273046408935,20.99716873960972,0.3414384720279098,7.420868699991843
10,100,5,2,20,-20,20,20.150889817729716,-7.221755086735303,19.58738977322521,0.35332059184330905,6.527506200014614
10,100,5,2,20,-20,20,20.000667618645238,9.615314155949665,20.026430874600074,0.3545707909174447,6.728655899991281
10,100,5,2,20,-20,20,20.02821086706761,-20.318532936338862,20.06727500200961,0.32087384816510417,7.3953156999778
10,100,5,2,20,-20,20,20.02249602023494,-7.34425236368569,20.05633077522551,0.34790571687253036,7.722163600003114
10,100,5,2,20,-20,20,19.966558809756737,30.0,19.95612436963067,0.376826378108321,5.807795799977612
10,100,5,2,20,-20,20,19.99090899755008,9.58734171471278,20.014857497553706,0.3551998719802264,7.065773400012404
10,100,5,2,-27,22,-26,-26.999498998573014,5.550147827216405,-25.987638043720132,0.34017826348114055,7.336229600012302
10,100,5,2,-27,22,-26,-26.999404250754043,5.573394940365259,-25.99713849715743,0.33988211154640824,7.273259000008693
10,100,5,2,-27,22,-26,-26.995230318501868,5.582104357532776,-25.99258552841107,0.34014482697238047,7.803086900006747
10,100,5,2,-27,22,-26,-26.994558526151323,11.427680814496856,-25.972659430810516,0.34123867847324657,7.327051500004018
10,100,5,2,-27,22,-26,-26.99476257508432,1.8336155470977293,-25.99103782333079,0.33951908659415575,8.639601299975766
10,100,5,2,-27,22,-26,-26.999300367933888,1.8354760258869396,-25.9974334687435,0.3394713201530699,7.377112999995006
10,100,8,2,20,28,26,20.00116458910543,15.943833394217053,25.87317926314742,0.3943313912773784,12.063457000011113
10,100,8,2,20,28,26,20.002880350456373,17.173905839991978,25.99145393288404,0.39375725012243734,10.935906600003364
10,100,8,2,20,28,26,20.00180676074912,15.958161096238653,25.865644431694708,0.3942810799390588,11.008160900004441
10,100,8,2,20,28,26,19.831810889427036,30.0,25.30238453599537,0.3762903372540759,10.883093500015093
10,100,8,2,20,28,26,20.004565502441615,13.516900510173732,26.005367812421426,0.39405319917137605,11.668850299989572
10,100,8,2,20,28,26,20.0381387509836,28.00219078577117,26.045641500349163,0.3134485162024345,10.087658300006296
10,100,8,2,-22,-20,-27,-21.999371117237875,-19.992181450689923,-27.00287369257396,0.3111832885457537,8.80569840001408
10,100,8,2,-22,-20,-27,-21.99701485643937,-19.998277376771263,-27.005318222576044,0.3112261665149869,9.206017599994084
10,100,8,2,-22,-20,-27,-21.997889903501935,-19.992401708733116,-27.002904639450033,0.3111832885457537,10.195960300014121
10,100,8,2,-22,-20,-27,-11.02878468177772,-19.998653665168224,-27.13041713827253,0.4479318519226962,9.210902299993904
10,100,8,2,-22,-20,-27,-21.999024748565642,-19.99512587023285,-26.99136431667833,0.3112904834688367,9.393123600020772
10,100,8,2,-22,-20,-27,-21.9995426828515,-19.994216779892618,-26.987256227414285,0.3112904834688367,9.869467100012116
10,100,8,2,21,25,-25,21.015952763729327,12.397702174614224,-24.97999530032318,0.38338264240908065,10.88941820000764
10,100,8,2,21,25,-25,3.9221529626221496,25.104142934372554,-25.328042766239033,0.41472904907715596,9.99998379999306
10,100,8,2,21,25,-25,21.001595937643373,25.325157988051608,-25.001786153165522,0.30809057758770797,10.884845099993981
10,100,8,2,21,25,-25,21.01481548712817,25.321257542669084,-24.99871275189082,0.30837189554610855,14.735528199991677
10,100,8,2,21,25,-25,21.003385932528086,7.409202431279233,-24.983345164784552,0.38517801994134515,10.162020799994934
10,100,8,2,21,25,-25,27.58513494661482,-3.648430689661083,23.555848183458686,0.4796882104601968,10.379664800013416
10,100,8,2,28,-20,23,28.003292851199678,-20.013594755976182,23.019462774796626,0.3417625417712079,8.197812300000805
10,100,8,2,28,-20,23,-1.8068042339454216,30.0,-30.0,0.4867986473122571,7.904833399981726
10,100,8,2,28,-20,23,27.990683713525698,-19.99951234075582,23.024449369336853,0.3421781122472998,8.400788499973714
10,100,8,2,28,-20,23,28.000947998395,-10.041368371812712,23.11528093520795,0.38463828939508427,8.859081300004618
10,100,8,2,28,-20,23,14.967577250097767,-20.0285287223954,23.19651742702741,0.454513029131042,8.299004800006514
10,100,8,2,28,-20,23,13.836237124720235,-19.99430501416699,23.04095076820809,0.45411381969731596,8.738461700006155
10,100,8,2,23,-24,22,23.002564080272872,-23.999151189343078,22.08936887457644,0.3255163178642248,10.142085700004827
10,100,8,2,23,-24,22,23.00359014020268,-16.07578779103329,22.040737374658875,0.3725096565953243,8.997908599994844
10,100,8,2,23,-24,22,23.00142632767562,-10.208740416521055,22.0670818431969,0.37288986160123944,8.092906300007598
10,100,8,2,23,-24,22,23.000408504023547,-23.99550950229632,22.05644929070913,0.325622775265881,7.902314800012391
10,100,8,2,23,-24,22,23.000357550985193,-16.739410295784605,22.047574801848345,0.3723309602425443,7.840906600002199
10,100,8,2,23,-24,22,23.00915943587362,-23.990463897595045,22.023263381808935,0.32542126661274606,8.149227200017776
10,100,8,2,29,-23,27,30.0,-22.342443198691623,25.922251323029812,0.38261994855095344,7.124367400014307
10,100,8,2,29,-23,27,30.0,-22.44807031330434,25.626377219666495,0.38279207875757615,8.520529200002784
10,100,8,2,29,-23,27,-5.608767811373444,30.0,-30.0,0.485206797794958,7.402287999982946
10,100,8,2,29,-23,27,29.044538042788204,-22.993451975824215,26.85060434212111,0.3515040595296739,9.147978900000453
10,100,8,2,29,-23,27,30.0,-22.796844037919087,26.395179686487694,0.38106440149851106,8.706720600021072
10,100,8,2,29,-23,27,29.029789306802062,-8.853339537531694,27.19078310714824,0.3901222708552808,9.25561380002182
10,100,8,2,-28,26,-26,-27.999172870415485,13.316370803068327,-25.997416161133977,0.3824317347070887,12.579489900002955
10,100,8,2,-28,26,-26,28.13590626583067,-10.689264039849329,30.0,0.4886152220547275,12.130344500008505
10,100,8,2,-28,26,-26,-9.579906333928221,26.001555248366042,-26.0328807728952,0.4196182564026536,13.104991300002439
10,100,8,2,-28,26,-26,-27.99691905869978,26.05160232729223,-25.994105947605128,0.31555344468362334,12.561500300012995
10,100,8,2,-28,26,-26,-27.99964363666878,13.224591897897467,-25.93712559127619,0.38255190869538525,11.914825200015912
10,100,8,2,-28,26,-26,-27.996001048786564,25.98077342985899,-26.07413433584248,0.3153658560189654,12.828132099995855
10,100,8,2,-22,-24,-20,-21.998176763496616,-23.99488223883717,-20.003108510356586,0.3171106478336305,10.169611899997108
10,100,8,2,-22,-24,-20,-21.999247206671864,-10.825049825435272,-19.969325834999175,0.36042404041949705,10.346690100006526
10,100,8,2,-22,-24,-20,-21.999895559031316,-11.256529313297884,-19.9865416782677,0.3604060542904277,10.109156699996674
10,100,8,2,-22,-24,-20,-21.995885039078022,-10.857155713009416,-20.00549078292014,0.36034130422577826,11.275742099998752
10,100,8,2,-22,-24,-20,-21.996332054508116,-11.29616552828417,-19.994844205082273,0.36047440158089106,10.346765199996298
10,100,8,2,-22,-24,-20,-21.998294518188224,-11.330463621423212,-19.969917350509753,0.3604276376453109,10.579309299995657
10,100,8,2,-25,-26,-22,-25.099947824642886,-25.852735904326188,-21.87188548216826,0.3369871450696367,9.324897200014675
10,100,8,2,-25,-26,-22,-25.136986516356927,-5.819732550443187,-21.898906449363352,0.3720307901911384,8.6043596000236
10,100,8,2,-25,-26,-22,-25.086956978588272,-26.074277173011616,-22.322710056703578,0.3387232278234462,9.271292699995684
10,100,8,2,-25,-26,-22,-25.136582311691978,-1.9576277991904736,-21.681020788558932,0.3741742828673977,9.74898370000301
10,100,8,2,-25,-26,-22,-25.097304265708228,-25.840563788883646,-21.90547243148327,0.3371022790990027,8.74977840000065
10,100,8,2,-25,-26,-22,-25.10414358671688,-6.908284854309304,-21.773399462529774,0.37159265489567656,8.998110799991991
10,100,5,5,24,-29,-25,5.610187511468061,30.0,-1.0449654307622616,0.4999999975198117,3.6675840000098106
10,100,5,5,24,-29,-25,22.27642801851765,-30.0,-23.439849653247794,0.3422903267109419,4.029056300001685
10,100,5,5,24,-29,-25,2.6387168245368002,30.0,0.1851156673792998,0.4999999975198117,3.640977600007318
10,100,5,5,24,-29,-25,22.27676285915542,-30.0,-23.441021363717443,0.3422903267109419,4.130180799984373
10,100,5,5,24,-29,-25,22.275239126768945,-30.0,-23.44494680765427,0.3422903267109419,3.8978443999949377
10,100,5,5,24,-29,-25,22.28991678001704,-30.0,-23.45036626487652,0.3422903267109419,4.025448000000324
10,100,5,5,-29,-28,-26,-24.731930433398926,-28.600879078465773,-27.04902354579994,0.3096271370496644,3.637835100002121
10,100,5,5,-29,-28,-26,-28.135743259138113,-28.317431811954773,-26.51246041845297,0.30926831664251636,3.859776299999794
10,100,5,5,-29,-28,-26,-27.98882000065126,-28.227060793491088,-26.290906532621353,0.30926831664251636,4.1257558000215795
10,100,5,5,-29,-28,-26,-29.95298380848841,-28.280953660292955,-26.346469131541298,0.31683833280271156,4.054130799981067
10,100,5,5,-29,-28,-26,-28.002116596858436,-28.222599609910237,-26.32809726312417,0.30926831664251636,3.831427500001155
10,100,5,5,-29,-28,-26,-28.04342664308472,-28.22234917715602,-26.31292287671159,0.30926831664251636,3.974599999986822
10,100,5,5,-25,-26,27,-23.60905693066645,-26.16195948861314,26.746550327660973,0.30077488321712903,3.922869600006379
10,100,5,5,-25,-26,27,5.472325454666884,30.0,3.486252957093931,0.49999999757191516,3.8315450999944005
10,100,5,5,-25,-26,27,-23.548942614462096,30.0,3.4428376016529603,0.49999999757191516,3.6636066999926697
10,100,5,5,-25,-26,27,-22.36986446773067,-30.0,18.988112232412917,0.41812996605132224,3.8544606000068597
10,100,5,5,-25,-26,27,0.6479500872859181,30.0,-4.920528377407553,0.49999999756229685,3.7075480000057723
10,100,5,5,-25,-26,27,-24.554662932138314,-26.147722799005177,26.876067628991684,0.302163356389875,4.129369600006612
10,100,5,5,-28,-24,-22,-27.399932668604315,-24.06239695227682,-22.172816039486424,0.2937506769474857,3.777460899989819
10,100,5,5,-28,-24,-22,-26.963843908411935,-24.06677804444539,-22.184120562798125,0.2934613564900428,3.86025779999909
10,100,5,5,-28,-24,-22,-26.827433568447656,-23.983332712655255,-21.911231811610683,0.2937145118903053,4.029489899985492
10,100,5,5,-28,-24,-22,-26.81123440843934,-23.939003376052323,-21.83279287330043,0.2942027401622402,3.787361599999713
10,100,5,5,-28,-24,-22,-26.450795169542637,-23.989421001481624,-21.962364535595526,0.29450110188397827,4.0280981000105385
10,100,5,5,-28,-24,-22,-25.501821670390314,-24.088855948282326,-22.22430185714015,0.2954956409564381,3.9443774999817833
10,100,5,5,29,-26,24,26.85405857918869,-26.047391835417464,24.063548061425482,0.31071236160739113,3.921351600001799
10,100,5,5,29,-26,24,26.042654450153204,-26.351360880206517,24.402974909703058,0.30867148783607823,4.071590499981539
10,100,5,5,29,-26,24,26.890849859872162,-26.58436687732231,25.095052699112717,0.3037144858899767,3.7976316999993287
10,100,5,5,29,-26,24,-22.75564410636308,-30.0,-30.0,0.4757952150999968,3.7056064999778755
10,100,5,5,29,-26,24,25.718043553479514,-26.529600557141208,24.681171662312728,0.30470662296798695,4.074218499998096
10,100,5,5,29,-26,24,26.89182687528632,-26.589885928309812,25.098291883621847,0.3037144858899767,3.871534599980805
10,100,5,5,25,-24,-21,22.626586105233756,-24.101736564927986,-20.751502608939386,0.28684315102603664,3.795080899988534
10,100,5,5,25,-24,-21,22.899193679360017,-23.954595791550155,-21.16306814559206,0.28514339333855965,3.8429565000114962
10,100,5,5,25,-24,-21,20.948478622421746,-23.99707293448669,-21.042870867266046,0.2880637217058738,4.348874100018293
10,100,5,5,25,-24,-21,24.033274845778774,-24.067293122442273,-20.840097778062475,0.28547792011747797,4.313915100006852
10,100,5,5,25,-24,-21,24.622379280843926,-23.80212189863874,-21.689807186626926,0.2870058937833483,4.291881599987391
10,100,5,5,25,-24,-21,24.51454665628547,-24.037124386082255,-20.917638759756997,0.2847546189738708,4.821571300009964
10,100,5,5,21,20,27,19.98789089252778,20.144783813828322,26.835752335918148,0.27723756402927674,4.0591989000095055
10,100,5,5,21,20,27,20.163785709922056,20.002887050771392,27.022952285708612,0.2752883282287187,4.094457900006091
10,100,5,5,21,20,27,19.780913973959457,20.001892553819754,27.009737064654555,0.2745653006858867,4.19052920001559
10,100,5,5,21,20,27,19.80843058715397,20.00183283088423,27.019839457428333,0.2745653006858867,4.00749290001113
10,100,5,5,21,20,27,19.968271381954423,20.10538280720417,26.89845371389258,0.27552053106866775,4.030947499995818
10,100,5,5,21,20,27,19.8044703684664,20.00221660768386,26.996587126126943,0.2745653006858867,4.104986200021813
10,100,5,5,-26,27,24,-25.361063259998417,27.214007004496,24.45708580024475,0.3082206242656935,5.682595000020228
10,100,5,5,-26,27,24,-25.291694917971046,27.20335528623208,24.26885732940146,0.3084888471659537,5.9750502000097185
10,100,5,5,-26,27,24,29.593588147864693,-3.3086237057395387,0.5310959573936092,0.4973295332383348,4.408530300017446
10,100,5,5,-26,27,24,-25.241398102848354,26.99320000678011,23.98749779309627,0.31087409627931284,3.979014400014421
10,100,5,5,-26,27,24,-25.37691444180643,27.219439053624594,24.447178155522835,0.3082206242656935,3.9615124999836553
10,100,5,5,-26,27,24,-24.247372360427853,27.188938936151743,24.15839620840415,0.30987060150062756,4.0767857000173535
10,100,5,5,21,-22,-25,20.28611162214514,-21.993271601500794,-24.99746933596491,0.27282226802020354,3.9717498999962118
10,100,5,5,21,-22,-25,20.232054903284745,-21.996097020324378,-25.007857427181552,0.27306814086788345,3.874225600011414
10,100,5,5,21,-22,-25,20.118505687742747,-21.997117612605184,-24.983241919493516,0.2724007717098952,4.866266700002598
10,100,5,5,21,-22,-25,20.136878124290156,-21.995738320320633,-25.00027096153579,0.27264664455757504,4.300225800019689
10,100,5,5,21,-22,-25,20.13847716209603,-21.998200842450036,-25.00282122836775,0.27264664455757504,4.164779599988833
10,100,5,5,21,-22,-25,8.5377987037234,30.0,-16.830239452159198,0.49999999762256975,3.7499632999824826
10,100,5,8,-29,-21,25,-29.095567274328605,14.46244471072565,24.987623143425196,0.38702209515655417,5.839069500012556
10,100,5,8,-29,-21,25,-29.020744342779995,-16.580214293166797,25.18312774280475,0.37604755485005603,7.251260899996851
10,100,5,8,-29,-21,25,-28.992356874486454,-8.76659340861778,25.20628480666639,0.37719257999349265,7.681592300010379
10,100,5,8,-29,-21,25,-30.0,-20.49338660772024,24.471071772826644,0.3767649807963422,6.187904799997341
10,100,5,8,-29,-21,25,-30.0,-20.48168574767934,24.4782008256525,0.3767649807963422,5.978732299990952
10,100,5,8,-29,-21,25,-30.0,-21.011381415777755,25.55796161440134,0.3781204782275498,5.826208599988604
10,100,5,8,-21,-25,-22,-20.998631193593592,-11.846144144573822,-22.00925862077538,0.348866800510938,6.142779399990104
10,100,5,8,-21,-25,-22,-20.99709090705766,-24.923145126538653,-21.98791967135306,0.3223532069597803,6.6030172999890056
10,100,5,8,-21,-25,-22,-20.996376161128836,14.209515680990744,-22.082904017064397,0.36247696805018803,8.255323399993358
10,100,5,8,-21,-25,-22,-20.999813500623315,-11.956085076240006,-21.909169586839468,0.3498431441822232,6.486409999983152
10,100,5,8,-21,-25,-22,-20.991913183225066,16.133714043195972,-21.986201113121858,0.36037208343101046,6.496941499994136
10,100,5,8,-21,-25,-22,-20.99309924246422,-24.97734220226038,-21.846772934717176,0.323169843708625,6.168891100009205
10,100,5,8,20,-21,-27,20.002512589167466,-7.891046858706572,-27.002533787875873,0.32965549575703773,6.341169199993601
10,100,5,8,20,-21,-27,20.00312768721166,-3.4645470659090396,-26.999225980187656,0.32991780803919113,6.9016919000132475
10,100,5,8,20,-21,-27,20.00353397705636,-7.7749731691038235,-26.998373456382375,0.32971560898836455,7.544082299980801
10,100,5,8,20,-21,-27,20.01689248544369,-6.20404350705438,-26.998873167045787,0.3312730881636502,6.810630799998762
10,100,5,8,20,-21,-27,20.003011146135975,-7.8897955066312,-26.998144926685278,0.32965549575703773,10.964976799994474
10,100,5,8,20,-21,-27,20.004025979789393,-3.461098923848394,-27.001998377254196,0.32991780803919113,7.461722500011092
10,100,5,8,-26,-23,25,-25.99202758964364,-7.242422144749033,24.950666970646882,0.370951218073159,7.304409700009273
10,100,5,8,-26,-23,25,-25.998331708016263,-23.29436122856765,25.037589090398317,0.33802302146003255,6.940630599972792
10,100,5,8,-26,-23,25,-25.990840253576454,-3.4951662033987057,25.010535553593282,0.37068757650567,7.428947800013702
10,100,5,8,-26,-23,25,-25.992003405495307,-23.287317997552964,25.00612232513213,0.33729216087309194,6.439889900007984
10,100,5,8,-26,-23,25,-25.977350738881107,4.703719834685723,25.027261376821635,0.37519208100162404,7.742634399997769
10,100,5,8,-26,-23,25,-25.99195539935088,-23.277593363794374,25.012598846284135,0.33729216087309194,6.413901899999473
10,100,5,8,-26,-27,-29,-26.11174757383836,-3.3918759138809844,-28.60298858161221,0.38070776180488897,6.162816700001713
10,100,5,8,-26,-27,-29,-26.16388395664711,-27.568480807569255,-28.347737958929258,0.3473500177314731,6.246545700007118
10,100,5,8,-26,-27,-29,-26.169526622243946,-12.552246155121358,-28.3356752646175,0.3778409945742988,6.6347365000110585
10,100,5,8,-26,-27,-29,-26.167535114978648,-27.56617229596776,-28.361833104060857,0.3472350011693104,8.116309000004549
10,100,5,8,-26,-27,-29,-25.956274822148092,-1.868011824068575,-30.0,0.39139604424715924,6.2346454999933485
10,100,5,8,-26,-27,-29,-25.724671878871362,11.031808152002327,-29.468450761721957,0.38950024935841887,6.2288329000002705
10,100,5,8,26,-29,-23,26.113046959630793,-3.449226304117442,-22.921136381754867,0.3403459277412081,8.18152199999895
10,100,5,8,26,-29,-23,26.14560827438325,-3.5175630152370414,-22.997105947150946,0.33893792827756847,7.347017900028732
10,100,5,8,26,-29,-23,26.16381262750986,-0.43078663804835854,-22.83780411328406,0.3415450661242674,7.543861700018169
10,100,5,8,26,-29,-23,26.192826242313803,-3.0158808085901243,-22.959265890704764,0.3415951071577933,7.7906804000085685
10,100,5,8,26,-29,-23,26.15696158336005,-3.4513920694002156,-22.912665070891183,0.33925819089213416,7.572453500004485
10,100,5,8,26,-29,-23,26.227637453416897,-2.020500488439998,-22.973029126130008,0.3412548281298172,8.1709692000004
10,100,5,8,21,27,27,21.003843271712906,5.549599312554291,26.99995428226008,0.32991452914355146,7.952192199998535
10,100,5,8,21,27,27,21.002871515108954,1.9881224025705406,27.00050726201921,0.33031483207456447,7.406401399988681
10,100,5,8,21,27,27,21.003375373424145,12.344095057634005,26.99781440042617,0.3304156354790905,7.089536100014811
10,100,5,8,21,27,27,21.00185661708691,10.985333235544536,27.01110996905087,0.330363432604315,6.750549900025362
10,100,5,8,21,27,27,21.004329524857866,5.553000541784017,27.003748400288096,0.32991452914355146,6.873581499996362
10,100,5,8,21,27,27,21.001497829662654,5.301174145692464,26.999210313162834,0.32993075764075475,7.2635439000150654
10,100,5,8,21,-29,-24,21.003949583132048,-10.994509283001975,-24.00062143423018,0.3309446000465449,7.630088499980047
10,100,5,8,21,-29,-24,21.004201887793123,-5.16541757565762,-23.995863750053076,0.3310674064941058,6.517571800010046
10,100,5,8,21,-29,-24,21.002831224896468,1.6762053925055538,-23.99701656402641,0.3317401873920227,6.60966760001611
10,100,5,8,21,-29,-24,21.003791301399907,-5.559073363597453,-24.019232234909172,0.3309920550335391,6.461173099989537
10,100,5,8,21,-29,-24,21.00402050844697,-5.550405955385704,-24.001032391734643,0.33077138289902236,6.6563798999995925
10,100,5,8,21,-29,-24,21.004526685239377,-5.642565137533011,-23.998468765223958,0.33087364559550575,6.943610599992098
10,100,5,8,22,23,-25,22.002652621438184,11.703958366838116,-25.039399148810887,0.32767338606405416,7.611938600020949
10,100,5,8,22,23,-25,22.001558977841665,7.267793180418836,-25.02558345588536,0.3264065584643242,6.876076300017303
10,100,5,8,22,23,-25,22.003223709524164,4.705752795860489,-25.036056044069486,0.3269611353534764,7.19233499999973
10,100,5,8,22,23,-25,22.00080573901228,3.2557957987364863,-24.999759230723846,0.3261782032746733,7.191590699978406
10,100,5,8,22,23,-25,22.00091509139088,3.2852705057160363,-25.000572358209915,0.32634131412442396,6.846173500001896
10,100,5,8,22,23,-25,22.000763380027486,11.703787364655764,-25.03990780889352,0.32767338606405416,6.8961345000134315
10,100,2,8,23,26,-22,23.00965814602724,5.271394777440217,-21.916634962620286,0.36189630984106314,9.286112999980105
10,100,2,8,23,26,-22,23.0278743927933,25.837697893482364,-21.85613215047419,0.3251290535294528,10.506688199995551
10,100,2,8,23,26,-22,23.002322761793906,26.141121207004435,-22.21715862608813,0.3240145784235648,10.017015999997966
10,100,2,8,23,26,-22,22.950629458285526,8.685459810781545,-22.178339261245167,0.36320938430909755,9.246428599988576
10,100,2,8,23,26,-22,23.025490584116028,10.27434566313868,-21.93472990874358,0.3611261479973492,9.446877599984873
10,100,2,8,23,26,-22,23.053387115247634,10.756397963442824,-22.007157374896547,0.3621294466106555,9.990742699999828
10,100,2,8,-23,-23,28,-8.661291960334278,-22.88492123929027,28.235109256109595,0.4121693651212646,11.241235900000902
10,100,2,8,-23,-23,28,0.4924778551913151,-22.97105601486941,27.43189541086079,0.41564102503523304,12.025350600015372
10,100,2,8,-23,-23,28,-23.128824266873895,-23.1591668192359,28.224440478114474,0.305696691781978,11.35101919999579
10,100,2,8,-23,-23,28,-5.188339146439529,-23.116412475771583,27.76291028677656,0.4169578947864585,12.666375200002221
10,100,2,8,-23,-23,28,-5.994947132989566,-22.993967354852646,28.49226801655145,0.4121659913021063,13.348580899997614
10,100,2,8,-23,-23,28,-1.698551945777743,-22.875034820744162,28.14259905840248,0.4158198417781037,11.746756800013827
10,100,2,8,-20,-27,26,-19.99932600167298,-15.003629604610447,25.972110331724025,0.3931604240858324,11.627166899997974
10,100,2,8,-20,-27,26,-19.993407355259222,-17.238764178178158,25.952087568076696,0.39337596932636787,11.963625199976377
10,100,2,8,-20,-27,26,-5.326680109330399,-26.999394703292136,26.012390826844857,0.4128872426066237,11.561028399999486
10,100,2,8,-20,-27,26,-19.99507757341631,-14.951769075249082,25.96507390662458,0.39318404548205543,11.551812199992128
10,100,2,8,-20,-27,26,-19.9919344476159,-13.918475447469628,25.972927722354306,0.3933198685103381,11.733310399984475
10,100,2,8,-20,-27,26,-19.996768749760733,-30.0,25.694779453680436,0.39812977531626076,11.743446699983906
10,100,2,8,22,21,-23,22.00689130601793,21.023031742751357,-22.953827540595185,0.31415970239369695,10.981226800009608
10,100,2,8,22,21,-23,22.002031265892203,6.988057549625899,-22.9189163426193,0.3592341855835463,10.371528699994087
10,100,2,8,22,21,-23,22.000998663617835,11.760594977366354,-22.977405831726333,0.3586718199470871,10.605536799994297
10,100,2,8,22,21,-23,22.000975938865963,20.966086430496787,-22.962796131922122,0.314127561832358,9.7713131000055
10,100,2,8,22,21,-23,22.001781623305355,10.871324061073262,-22.970325710341438,0.35871809053742854,9.06103029998485
10,100,2,8,22,21,-23,22.00267819137952,21.001978267597863,-22.99908940307053,0.3131454891247809,9.015637700009393
10,100,2,8,27,29,26,27.000727719551072,5.366571176481975,26.000510230798493,0.37433927917288246,8.44062069998472
10,100,2,8,27,29,26,-12.433217452406588,30.0,-24.300273706051147,0.4905128343585043,8.588004299992463
10,100,2,8,27,29,26,27.002665101185457,6.661075606645494,26.00348234737175,0.374336102633537,8.337586800014833
10,100,2,8,27,29,26,27.00307745348496,4.335968807474806,26.000018608744018,0.3743742211056832,8.463171499985037
10,100,2,8,27,29,26,27.001104275949913,6.444113639497009,26.0474758107214,0.3745266949942682,9.62741700001061
10,100,2,8,27,29,26,14.257699309685236,29.036751172926646,26.10279103318479,0.46227937159077304,9.245892900013132
10,100,2,8,28,-26,28,30.0,-25.59782731264162,26.12920559515226,0.38616238475421205,11.472803400014527
10,100,2,8,28,-26,28,28.000502343032203,-25.982698979969875,27.915465521139964,0.31550042061350647,12.220162000012351
10,100,2,8,28,-26,28,5.102813010311384,-25.995301478805665,27.889187418439917,0.42084269070730673,12.439601100020809
10,100,2,8,28,-26,28,28.001505433025276,-13.275007929598866,28.067516602131338,0.3825507667550492,12.311809799983166
10,100,2,8,28,-26,28,28.001793866402213,-13.120173025607764,28.101733729135407,0.3825829350125316,12.073244200000772
10,100,2,8,28,-26,28,3.4096626925988742,-25.99909438845387,27.985524533330395,0.4207227908385086,12.107858999981545
10,100,2,8,-25,25,21,-24.996947897724528,24.8432239081616,20.996585481818137,0.342488808590955,7.5736071999999695
10,100,2,8,-25,25,21,-1.5382372220718903,24.90779886026173,21.108073305432686,0.45504276753661593,7.602836700010812
10,100,2,8,-25,25,21,-6.495362984690962,25.011336662507663,20.835940055966365,0.45189969016982023,7.772608499974012
10,100,2,8,-25,25,21,-25.04156393219096,13.384072834828686,21.001539600853732,0.38594262549169095,7.80488989999867
10,100,2,8,-25,25,21,-6.399596194544648,25.198701312316572,21.630602506155665,0.4533140749848783,7.469501499988837
10,100,2,8,-25,25,21,-24.985726069450315,25.24119218644084,21.26745930088827,0.3445134746420947,7.635946299997158
10,100,2,8,26,22,-26,26.208185754121395,12.141321908213566,-25.649573230128144,0.3711286974959579,8.959123000007821
10,100,2,8,26,22,-26,26.223472824642236,4.588304124205817,-25.76541680450571,0.37136918360941357,8.917494799999986
10,100,2,8,26,22,-26,26.00051978219276,11.56301258391755,-26.000468941221246,0.3734870292756348,9.183594700007234
10,100,2,8,26,22,-26,26.2060444543764,22.00601955484642,-25.93879477918187,0.333456960358787,8.906881799979601
10,100,2,8,26,22,-26,26.143198577150294,2.4789567114914632,-26.064622217377057,0.3719445269853835,9.037029700004496
10,100,2,8,26,22,-26,26.200535752887312,6.663439302725867,-25.62843794577983,0.3711929223439431,8.897501900006318
10,100,2,8,25,-22,27,25.087486311442497,-21.96326584613621,26.70151748331275,0.30627301612224445,10.478584399999818
10,100,2,8,25,-22,27,25.098353805716908,-21.864903278366917,26.920379384217526,0.30617610417471175,10.781439700018382
10,100,2,8,25,-22,27,25.091132762038296,-21.97155815861953,26.66312548988246,0.30713897126632805,10.32579080000869
10,100,2,8,25,-22,27,25.093789793741735,-21.900445357934462,26.828825955692547,0.30616047321543216,10.347477700008312
10,100,2,8,25,-22,27,25.091698657679927,-22.078422297910464,27.20639238990637,0.3078673739687521,10.307036700018216
10,100,2,8,25,-22,27,25.09703929787338,-12.827319689277163,26.95035858950837,0.3786912504641021,10.422269600006985
10,100,8,8,-24,-29,24,-23.9401114746027,-18.39130726814181,23.699312553160556,0.38174998771173646,7.296226500009652
10,100,8,8,-24,-29,24,-23.994971633332792,-16.49150439416043,23.993021367919013,0.38034446813776884,7.237497900001472
10,100,8,8,-24,-29,24,-23.99480751591019,-15.250394174501794,23.946199457461013,0.380150335599928,7.72036060001119
10,100,8,8,-24,-29,24,-5.319247314124042,-30.0,-18.434652431731248,0.4866630938116819,7.277497200004291
10,100,8,8,-24,-29,24,-23.997033797010914,-15.281049050166404,23.984105469038653,0.38046483031123013,7.34888740000315
10,100,8,8,-24,-29,24,-23.996150871279657,-15.276736501742063,23.951793735838,0.38023187126582114,7.3141062000067905
10,100,8,8,23,-21,28,23.01602322241681,0.14922006168788915,27.79757468159272,0.3650286872047851,8.935582000005525
10,100,8,8,23,-21,28,23.060500178425556,-20.853472366955472,27.79367909814724,0.31707717872845675,9.262430099974154
10,100,8,8,23,-21,28,23.000839329226128,-21.198138586066115,28.073793611878454,0.3159588982382822,9.144235400017351
10,100,8,8,23,-21,28,23.04903053391032,7.093205014945265,27.7122867661479,0.37150656985260744,8.937491299991962
10,100,8,8,23,-21,28,22.936884366978838,-21.520295450634123,28.496468827284495,0.32376518660793285,9.141768400004366
10,100,8,8,23,-21,28,23.000949914204146,-21.119416875512723,28.256525799649957,0.3164162142214846,9.134943200013367
10,100,8,8,-26,23,-20,-11.385291471612717,23.001729255404985,-20.01525980580868,0.4217297322563686,10.042520999995759
10,100,8,8,-26,23,-20,-25.998868382378085,23.002175535443662,-20.01615123801862,0.3145141227872398,10.197373400005745
10,100,8,8,-26,23,-20,-11.38121794178606,23.001753725172946,-20.016247322052863,0.4217297322563686,9.974331600009464
10,100,8,8,-26,23,-20,-25.999103044368784,22.986898307514455,-20.01730063153357,0.3146444005154616,10.10271749997628
10,100,8,8,-26,23,-20,-10.879345254342343,23.002008715223408,-20.04572408612941,0.4218540882696713,10.307729199994355
10,100,8,8,-26,23,-20,-25.999995954348083,12.632405003333933,-20.00154549514517,0.38404986022565607,10.318702399992617
10,100,8,8,24,26,22,24.000178969821988,26.000969768048844,21.999188476292456,0.3130776253966162,10.987858200009214
10,100,8,8,24,26,22,5.885242718074643,29.809333392536015,-21.52847000932335,0.4773456778986639,10.846844000014244
10,100,8,8,24,26,22,24.012904361608076,12.372018737619257,21.909868231725245,0.38339782183545973,10.705090900009964
10,100,8,8,24,26,22,24.00343433695692,12.372037718115132,21.91204439157216,0.38317200829675957,10.316051899979357
10,100,8,8,24,26,22,24.27210630643419,26.222490194032932,22.378884739290367,0.31393891740206376,10.436252899991814
10,100,8,8,24,26,22,24.014351662044948,12.369798489835397,21.906713802987817,0.38339782183545973,10.340213100018445
10,100,8,8,25,-29,-28,25.101464981764117,-4.869802444680841,-28.22280492532542,0.3724625003185073,8.666429600008996
10,100,8,8,25,-29,-28,25.122012307276112,-1.2655130757072899,-28.090512869369384,0.3753905793718192,8.689897200005362
10,100,8,8,25,-29,-28,25.099885323998052,22.124925231991654,-28.176260256787792,0.3899992615112157,7.883766999992076
10,100,8,8,25,-29,-28,25.10270447455157,-16.884609356007772,-28.122771242378978,0.3734515071261293,8.589246000017738
10,100,8,8,25,-29,-28,25.09128144667607,-29.066645341914096,-27.74434733773475,0.34398128195859884,8.907917400007136
10,100,8,8,25,-29,-28,25.12062679785237,-5.340021802321458,-28.277641989181188,0.3724862231812078,8.63656440001796
10,100,8,8,21,21,25,21.002151534144215,12.323565160009425,25.00030101753267,0.36869853330897173,10.47850539998035
10,100,8,8,21,21,25,21.00337296156254,21.00039214618797,25.0027957946247,0.2864664921880112,10.480279700015672
10,100,8,8,21,21,25,21.001658443345736,21.003236849436764,25.011547429313072,0.28657026135168256,10.371975799993379
10,100,8,8,21,21,25,21.003366138531916,21.003514965090922,25.01300246078168,0.28657026135168256,10.57435149999219
10,100,8,8,21,21,25,21.003999570424455,21.001072225289096,25.004336282783235,0.28637276520146937,10.62216310002259
10,100,8,8,21,21,25,21.003924255435923,12.400031584482706,25.002963859582973,0.36869853330897173,10.6969861999969
10,100,8,8,-26,27,-25,-25.997927259760708,27.001903625413348,-25.00655440528605,0.31521572189875724,10.036963299993658
10,100,8,8,-26,27,-25,-7.446526429397143,27.00051006238667,-25.040009696502388,0.41598164551184585,10.380985499999952
10,100,8,8,-26,27,-25,-25.999792247832705,14.081431327327401,-25.000061951565094,0.38782494121394645,10.424802499997895
10,100,8,8,-26,27,-25,-25.994502682804157,27.001208884226376,-25.003996393790313,0.31522457992234093,10.276687099976698
10,100,8,8,-26,27,-25,-25.996640095624734,8.67024870071688,-25.012794394703853,0.3890503011430182,10.451597099978244
10,100,8,8,-26,27,-25,-6.85608244569271,27.00067803749148,-25.018145922868364,0.415901923299593,10.337597399979131
10,100,8,8,21,22,-23,21.003354698597587,12.358835132927027,-22.997406052987916,0.3700368968748966,10.542820499977097
10,100,8,8,21,22,-23,21.00249886644933,22.003729265282768,-23.002971037225084,0.28670022150525887,10.448112300015055
10,100,8,8,21,22,-23,21.00178331246457,22.002574928726407,-23.00174781450445,0.2867002215052589,10.223185500013642
10,100,8,8,21,22,-23,21.003158499248265,12.34360222430077,-22.99777999275672,0.36994331648948053,10.372916299995268
10,100,8,8,21,22,-23,21.001077072035507,22.003831531669658,-23.000498086781107,0.2867002215052589,10.403309799992712
10,100,8,8,21,22,-23,10.70573954075156,22.000889425748394,-22.957828624337637,0.4102697782905653,10.195624099986162
10,100,8,8,-24,-26,21,-24.00022624078482,-25.962624493133827,20.993868211986648,0.33103270750562236,7.669076399994083
10,100,8,8,-24,-26,21,-24.009566068516076,-25.956220361416985,21.00841109572059,0.3309866181845945,7.36017939998419
10,100,8,8,-24,-26,21,-24.004245292639194,-3.4310885833114844,20.98357886441921,0.38193452180410614,7.303724099998362
10,100,8,8,-24,-26,21,-23.993803859378005,-15.472652104257804,20.93800697516202,0.3761272673545998,7.758732699992834
10,100,8,8,-24,-26,21,-23.99676328944031,-9.95883935181097,20.99178936286181,0.37692998969583447,7.477326799998991
10,100,8,8,-24,-26,21,-24.108106039473906,-25.641841230582898,21.247572477556258,0.3362331192282624,7.478774699993664
